3500
-99	-894
-978	-304
-475	650
-487	-58
-324	-458
213	304
764	-591
-250	-618
292	-81
-852	-675
-337	843
466	232
839	-565
588	-526
320	-1022
638	248
-795	624
-274	1014
723	185
-1015	1114
-746	585
-912	77
-755	-882
-869	28
1052	772
658	941
-698	-237
-870	666
269	-583
-396	315
-353	-129
-104	-587
574	25
910	1152
-330	-111
966	-141
155	1
911	1167
-608	1108
-759	-362
-781	589
-638	-704
554	-502
-1157	-1103
361	285
365	1156
1047	-159
-932	-1155
935	-486
234	356
62	-756
433	-38
-561	-939
18	487
610	690
347	653
-418	-218
1172	172
978	534
-1063	718
-630	-75
-1019	-535
572	1163
324	-111
-1173	-383
371	-845
-1037	599
-675	49
222	853
1184	366
225	963
393	-1189
-986	722
-743	31
-228	902
363	-426
-468	-877
-1102	-31
-333	-450
-751	-239
1089	-771
620	983
-202	1179
499	-1066
-1061	-286
455	292
505	766
33	294
1180	1061
-694	596
-420	184
-433	-199
-13	490
861	-284
414	-91
1030	912
266	-766
81	671
147	800
-942	863
-773	-439
1071	443
-758	-295
495	202
-803	-933
65	157
155	-700
1146	-256
173	-814
556	-806
-119	-633
901	-974
554	273
268	-557
468	-898
-555	-1130
-713	348
-387	-436
990	468
-1030	203
-934	175
444	133
370	381
118	675
-953	-300
-646	-513
626	-1059
886	559
-1174	-893
-790	-1122
427	406
659	722
894	-149
-1088	561
890	-733
68	313
480	145
-103	-1182
-115	-1145
-586	624
-64	-46
935	1059
312	1145
807	972
-1094	-744
-911	422
575	353
-932	-958
-567	-253
-812	39
5	-670
-953	680
745	-165
-625	651
-131	-1002
843	607
-321	-1027
1161	883
453	-371
-175	-755
1149	-531
-816	-738
81	155
-514	519
177	882
-601	359
-681	-51
-737	-1007
649	511
87	667
-725	-690
-1013	631
434	-692
-222	91
708	741
-1022	-1063
194	986
517	-78
727	-269
485	-265
934	-810
1190	-1068
-652	1077
-1020	866
325	545
-1036	-857
1137	-212
-685	-414
521	474
747	-920
-739	-231
1122	766
-943	809
484	-1121
81	-679
-987	604
-15	-576
1040	1062
125	-1140
87	-289
743	-1101
947	-1138
834	-218
234	-1087
261	1125
343	-637
1110	17
-387	533
-909	-588
-37	971
927	978
-114	-900
6	-1191
-377	-958
-1188	305
-707	38
-50	171
-133	324
1135	-1064
275	-1046
-368	1151
1026	-858
-1042	-256
1140	-754
-866	-820
723	-131
683	-781
-16	451
256	-82
132	-84
-1173	-860
367	-850
706	1083
707	-622
-345	-291
469	111
772	-328
857	-32
-773	42
283	216
-930	70
-1089	-499
-573	-667
122	1077
1187	1147
983	-745
1007	-164
68	-570
-829	-240
146	-643
479	-2
-828	-724
-1064	-706
-323	720
1087	112
-1103	464
-292	-560
-173	1048
-742	-617
379	25
958	-689
13	591
-289	-751
1123	930
196	233
1178	-1052
270	889
-434	246
627	-292
-1009	-63
419	74
309	736
-671	-125
260	177
44	-637
588	-876
-1167	494
985	-42
-423	556
654	-1149
-466	320
-582	-1111
-267	479
-87	-96
-426	680
-274	325
499	632
-114	-539
465	-758
-10	189
-817	-856
231	621
909	609
-875	-671
739	1086
659	551
-221	498
41	201
-483	117
820	761
147	1088
716	-476
-20	-95
285	-644
-681	629
-1108	284
-1084	-1163
871	-587
41	1059
-1029	408
-234	-202
418	357
-920	113
-902	-820
-332	1077
-1161	-1198
-711	1036
753	-356
363	1077
-23	-567
565	-990
552	854
522	-1001
-1101	-570
564	-916
746	-1178
-480	749
-477	1195
705	-62
-580	-900
-1044	-72
115	1093
1064	299
-955	556
171	-957
-988	206
-1084	535
-619	-114
-449	941
868	1090
903	-865
1135	165
-984	-174
354	-770
236	669
130	-990
380	241
880	315
687	1102
-843	674
981	-284
-937	37
18	-516
-392	-205
-815	-704
-1083	47
-56	565
-330	37
435	-866
-623	-941
623	594
-630	618
724	-38
557	649
-1111	-723
-927	-819
-712	-775
642	461
663	-818
-901	-308
-547	-411
113	-1065
178	-1083
107	-1022
-1001	564
-253	144
137	-625
511	-492
294	623
735	846
-467	-1022
-980	-709
-1051	117
-379	560
527	-1130
-1074	747
-981	988
503	507
214	616
-837	216
596	976
-743	231
-362	-630
-418	-688
-478	-650
420	-974
304	1033
407	82
-1011	-1148
-620	-169
-90	-1186
-176	-581
705	754
-247	-570
-381	-878
1158	626
1061	425
-1191	155
497	-950
676	-650
958	-588
-993	-656
-300	-1064
-1007	-1059
-31	-1199
-53	884
928	1020
1077	-945
108	181
762	-540
-468	899
368	524
-7	-654
-735	635
648	-139
426	-90
879	1139
-292	-675
18	62
-492	489
-118	-754
-1104	-252
-105	522
994	508
995	-1108
642	-722
-654	542
38	-246
789	-400
-923	227
815	583
295	328
-370	60
-874	-230
-1045	-748
-629	-874
-786	-1024
1161	957
-848	-1097
-602	196
-100	-1176
-867	330
-9	-824
1157	730
1185	-40
209	-561
-1146	-901
340	910
-823	1158
-966	-7
-374	1090
-462	-652
-734	1025
1197	-475
-1094	-270
708	-4
652	-290
-399	-1003
161	110
-306	382
-862	-995
772	-1117
989	-658
494	-346
822	199
-1143	-888
-661	-70
103	624
-752	1091
-968	197
1053	336
1083	718
504	-564
-953	1120
270	150
564	223
1161	-284
-773	-57
-475	-287
665	639
294	50
-1081	-340
653	-60
1079	1027
-393	-23
-1024	-12
1156	-569
-1022	977
708	79
692	1048
-1047	1134
-616	-421
60	-835
1150	-206
696	-894
-1074	888
-42	525
829	-329
982	-977
-657	240
217	-558
-17	-278
-603	-527
-651	-157
1089	873
-1172	-897
-619	-271
589	-288
-676	-1144
-636	1004
-677	1010
983	-825
79	576
653	483
203	1042
-1079	103
388	480
746	79
211	-832
-680	195
617	-712
-644	1135
86	-766
-1139	-1160
-742	835
285	1185
-1080	227
1189	-722
-609	413
-62	200
421	-92
648	-1027
-159	509
882	964
-538	-851
909	1076
39	-1020
249	122
-318	-1112
-837	521
835	391
734	-1177
1049	-684
289	-645
952	-901
-32	-443
-318	-197
1012	7
123	598
511	244
73	884
-222	-1083
174	692
-380	-581
58	1189
599	-923
-894	289
787	275
132	592
-68	1178
378	880
652	-195
-686	-312
-175	34
926	-438
-634	680
-197	-766
356	-714
-353	623
726	199
-695	-814
-577	-179
796	-308
-528	-629
-404	665
-230	-606
123	-1036
110	-804
-424	1103
521	213
754	304
591	746
-1186	-307
174	658
-981	109
521	-477
-735	1125
707	-179
-1111	467
301	979
197	241
555	-932
-695	936
308	-616
-76	756
-1035	699
719	446
247	-883
-574	-1077
39	137
688	992
279	-82
-1182	-719
-462	-926
245	53
-842	74
-1149	159
-992	-417
-661	-777
712	1143
-606	-119
995	971
1085	509
-912	145
-1004	1048
-476	473
-1200	937
911	759
-144	155
-139	592
67	13
-535	373
-351	194
152	-757
376	563
-489	-1080
-875	-1120
1015	-107
-165	-1048
-943	-417
-972	-199
-282	-69
-207	1081
168	-580
-43	-373
351	-418
51	-556
965	-1014
-1010	-945
-227	106
892	1158
-745	279
-750	145
432	580
-1098	941
-393	-250
-1145	-29
651	349
735	-550
-396	-849
-585	-172
-515	-511
-1066	-26
1076	544
14	226
792	-1181
-355	791
-259	490
719	749
-643	-1010
-532	456
665	868
637	530
536	594
101	19
-707	-225
473	773
-186	-1066
-1119	169
822	566
-825	-949
-947	1136
17	-1027
-927	-1186
1000	806
-596	665
-843	-768
-96	-361
518	-148
315	1134
1056	-122
275	-1198
837	-742
740	1110
-1050	-1015
202	-474
54	-490
-808	-550
399	-579
458	1043
-1164	328
56	696
372	-773
256	624
602	-88
428	887
-732	-490
851	339
172	-563
755	-178
-262	-465
1115	1006
-299	-259
-69	105
664	-136
-824	-872
517	-876
-605	-1170
-707	-23
-63	96
-31	-667
-417	841
977	115
-181	1148
622	-415
-866	-195
-1032	659
-883	-1123
-150	-49
-448	-192
-903	1195
283	-397
-683	981
367	136
-558	516
-263	-324
-1162	-449
-881	809
-1089	890
-639	-489
950	240
2	165
-7	-980
-103	-1095
-314	-670
262	-474
-290	841
932	137
-199	-1093
67	913
-16	-927
747	533
-1087	-1050
1142	66
-384	-732
510	618
894	655
-982	552
1115	-382
575	-553
289	130
129	-793
349	672
-252	-367
-765	-1029
-419	516
1110	-1015
760	1035
-136	454
235	-870
-669	581
1067	76
-421	1081
-230	-97
922	-275
-98	1149
-762	-556
1185	894
-639	-712
414	-729
395	551
588	-1014
190	-418
-390	-920
-540	-2
-1080	230
-702	-1182
-655	220
-896	-741
-166	-418
204	-61
290	-144
-950	-213
288	-334
-156	-514
-453	-542
-977	61
-976	-774
156	681
-905	192
-515	697
659	662
807	167
450	-126
-374	755
172	-372
290	-734
150	-351
-985	-544
-885	-267
587	583
-806	-545
-529	419
683	195
-404	-672
1135	-701
871	154
85	968
-93	638
-749	-711
834	890
297	-549
-574	558
-306	630
-865	-577
177	349
-143	-198
752	910
457	-1054
1178	965
-331	-625
-1121	459
155	762
-529	-66
870	44
-166	-327
-435	1075
324	-199
-462	-234
351	-932
-1030	-129
622	-366
-107	429
384	1036
-1189	-918
-821	-480
1112	234
261	-545
467	-1066
408	-600
796	30
-82	-437
679	-430
846	-737
772	-1130
-695	996
-894	-574
-262	455
685	603
-836	694
-479	1054
-447	92
286	-1023
-637	-659
-159	-1164
624	899
-529	-1043
1150	-675
1036	970
-958	543
485	-612
726	712
1003	-323
1089	-1124
-365	-805
776	-485
1084	-272
-670	449
797	-549
-556	-1058
-147	-901
-624	-162
961	-962
-1185	-827
-1198	28
1165	758
-1156	190
675	913
-203	-611
636	-663
-822	884
675	14
1147	-148
-791	-57
503	1032
-804	428
-681	-251
167	-450
-645	-208
-995	-1045
1058	-870
650	-423
565	-1172
-963	-135
-275	-849
-620	-263
855	-865
381	145
918	-867
-767	-561
648	334
604	-701
788	-343
428	-718
686	129
-931	575
814	588
-330	-958
-716	-513
330	1002
767	550
-1184	-677
625	585
-147	60
843	-702
630	516
60	379
748	1031
541	372
-894	-48
388	778
1129	278
377	666
-193	922
-1002	-652
-634	786
694	1055
251	875
-279	-317
256	688
-78	1123
588	-1123
-714	-722
-199	-322
327	-871
-832	280
-381	-105
-975	-441
99	-843
842	-1009
-753	-207
379	-274
-1162	-244
75	-89
1134	88
-188	-1046
1162	-160
477	632
1027	987
-483	-1030
-651	-237
1195	253
-166	1193
1189	-969
-362	-304
-267	-1068
-75	900
913	-825
-838	-280
989	-489
255	1180
-551	1063
-195	1164
-930	1113
597	-998
-674	1092
-1118	-584
154	-759
966	1171
-957	1075
992	722
-955	210
139	1075
65	1061
-656	-645
-208	398
109	-1100
1058	-10
588	933
1154	884
-290	-1178
563	9
-333	1097
109	-1121
1065	-1060
761	3
998	626
-1178	-287
281	341
1008	-852
-453	-595
757	-534
206	1028
507	-97
901	550
1166	-921
1134	620
-4	-281
-162	561
843	-744
344	-905
-1057	-219
-911	1091
-417	-272
-841	702
-898	-998
-1057	-51
299	-734
-308	171
130	1162
217	890
-809	-141
-521	-126
-203	1034
1058	385
350	1179
1158	-825
-921	899
-128	425
901	-830
-438	-830
551	-1060
568	668
-341	1074
35	-990
-976	-1167
-199	1137
-1163	-739
-682	1130
-348	348
-2	708
471	348
222	758
-179	152
-1057	-73
-428	628
989	-202
585	188
606	236
-518	1053
-450	-502
291	394
371	-93
-951	-618
1036	741
-417	-752
-449	-257
-929	322
247	454
-508	734
944	-184
-775	1171
-873	-1097
-532	-151
-1165	-995
1060	26
311	1162
-940	-418
633	-1180
-1037	-147
-144	-617
1174	-129
1137	-472
767	789
-521	975
-1166	-750
-443	-335
1148	136
-612	-422
245	1169
478	-337
487	675
-564	-1145
-782	-1092
-546	397
912	-486
373	-481
-599	-1145
-189	-844
1171	1115
1007	-587
-1164	-637
514	-1131
599	-208
114	1118
289	-515
-965	-321
1135	-128
-306	-303
-602	675
755	-841
-243	-501
-346	94
1166	-274
-1085	884
-651	592
418	1190
629	-413
-6	-281
-487	546
811	-537
-114	283
1028	-833
592	1048
18	-584
-798	-44
-355	688
446	-797
524	-922
1105	-1165
547	1042
1166	-1185
-332	843
757	-212
-996	354
-851	1028
835	-116
-21	-1088
227	523
-1145	469
1086	735
769	-58
398	972
-408	-596
57	-189
-661	836
-740	397
665	1036
341	-176
583	-361
1183	268
612	1130
-266	-538
-810	-131
1050	-867
1174	359
1139	354
361	585
500	13
1181	-1160
-745	870
780	58
-821	-806
-259	-730
-1086	-66
498	-103
-59	-1135
957	130
687	-736
124	601
-337	-71
-654	-1081
-895	441
-945	870
267	228
-396	551
1006	835
289	-755
-721	298
-899	-31
536	-1185
333	-412
604	117
-873	-871
-219	1010
-929	-909
-730	-408
1011	1035
313	309
196	545
-52	1191
-864	1116
1029	-475
-548	-930
512	785
1082	-1080
-200	-419
-927	-864
609	-305
-123	-574
-856	544
1107	-861
-1010	234
-953	-1089
401	100
-968	540
-212	-188
-367	134
-171	822
947	-1177
635	246
112	839
372	-1183
990	467
-1119	-179
-736	-458
967	118
-431	372
-153	194
389	851
-108	1147
-1097	-323
-955	1072
-518	-76
-264	-203
1009	1188
-119	-183
-1013	386
-670	-1016
-1057	131
234	-120
-380	-994
144	1005
1145	-722
-30	-428
-312	980
774	-247
1195	-165
874	-338
298	654
543	300
-1087	-1082
-1022	820
-845	433
-246	-952
492	-395
-871	-884
-338	874
-420	113
587	-1166
-994	-107
887	737
-1121	479
269	1084
-1030	-877
912	-770
552	1095
471	1104
657	-479
-985	140
-777	140
1090	937
-176	-179
-129	-642
473	14
-135	1046
-604	-42
-1198	442
-966	310
-739	879
123	1093
989	-621
-35	329
-636	-398
431	359
-215	-378
-1138	573
-2	-638
-470	487
-1098	-888
369	1114
1043	1095
587	824
1194	298
-769	-1035
424	869
-449	434
-53	-422
359	835
721	602
1170	-525
-1019	694
961	-554
604	-440
319	876
-1	256
-135	7
-74	-511
802	-259
944	-947
31	735
133	777
-339	-748
-1193	372
-817	1052
54	113
-399	-1142
205	510
1048	-941
-610	1151
-17	662
164	-1049
814	314
-417	461
-364	-1079
11	5
-632	-129
165	1113
-1083	689
-807	368
-261	-557
-1198	-1090
243	975
-561	508
731	476
1103	115
-674	561
-1137	-1054
1041	-906
-563	942
-369	-878
270	518
564	352
-795	-744
324	313
-728	-1011
-48	195
977	-851
467	896
241	502
-213	-60
476	-450
-528	987
881	-615
-168	-429
-724	-480
-130	-81
-256	947
-534	-631
-808	508
1121	-1176
708	-137
30	498
1189	1091
1150	236
834	1168
460	-1196
93	171
288	-255
642	168
-573	-186
640	-1011
-534	-763
-8	899
-251	976
733	1039
911	500
187	-357
159	-999
720	754
952	-613
-141	-1152
-360	464
528	478
-1040	-314
-1156	573
-410	-947
-276	28
1133	811
-1084	661
-327	-237
-183	273
695	-624
-331	1090
1039	782
71	326
1091	-390
-838	259
-764	-788
-945	-270
-342	862
-569	418
111	68
672	-728
517	-264
-778	-1083
16	1075
829	31
-168	907
-130	662
628	-1194
534	701
713	-447
937	763
225	560
-624	78
-972	-579
-359	728
-224	-600
6	-1074
-628	799
-245	519
212	-48
-771	-1127
1007	-803
-740	-235
-1130	349
-895	-560
679	-1113
261	275
-221	-1172
458	672
-70	1098
354	-1157
-886	70
927	-138
-297	-341
-331	713
-575	-1073
-480	1040
-1047	-635
-1162	163
1188	-726
1067	-171
-831	-739
-237	1161
854	97
-664	-1190
-376	-609
1158	446
-785	1161
1060	365
-173	-69
-763	-570
308	779
-248	1164
-305	722
-592	218
518	424
-406	609
428	101
-1170	491
304	307
203	1134
1194	598
-592	142
-1076	-1153
641	-125
1160	189
942	379
633	-803
589	1100
1123	-307
-462	-434
-551	-882
191	904
-502	-584
-614	131
-616	-156
-925	81
-243	-646
-972	123
1053	-829
-559	-364
37	536
-1040	-769
545	1133
451	-725
-730	195
78	-723
-452	443
-350	918
-624	984
1082	296
619	1007
558	830
-495	1156
-399	-1142
-935	-121
495	-447
-691	1130
913	-725
414	-799
1009	1154
479	880
-547	1116
-683	-170
-742	-1055
-520	-739
214	-330
645	146
-672	64
1101	-28
660	-363
300	830
-236	-522
108	-103
538	-531
80	-463
1079	62
38	789
127	-580
-393	-944
-465	-261
-84	-243
-386	-696
339	-1039
-968	1103
-516	952
7	-126
-553	1021
-790	-697
-674	-752
-1097	516
287	585
-390	-1077
-850	845
-738	-77
-1191	93
-448	-1138
-385	1034
938	-496
222	-777
-1035	0
-548	-198
52	-235
-382	-249
-996	-661
-751	-1129
-981	-936
26	-1176
-695	-818
1062	-193
-87	-529
-877	-48
188	-782
986	-210
-1192	-452
-663	831
954	-708
765	-600
972	36
-1066	822
-693	-1100
975	-513
-792	683
-958	1176
274	-511
772	792
-1141	-365
679	47
924	-949
778	734
1048	57
-809	-925
65	-79
881	679
718	983
323	161
481	-766
-471	-1178
62	-369
718	84
-625	-743
800	-214
-377	-851
-371	-298
-1161	-136
547	812
972	-1129
1000	260
-200	-299
-417	-611
-831	-514
446	616
1197	356
-422	734
93	562
760	-129
-1026	343
772	956
-174	-922
27	-964
-987	602
593	44
-1101	672
-489	-371
-841	-986
-432	-29
1168	-415
833	1059
-651	144
-35	521
676	1168
831	-549
-689	588
1117	338
-155	-181
1123	-44
233	400
915	-693
-59	882
-329	867
-394	1137
811	570
769	642
-568	181
-1143	-155
-150	1118
955	-132
995	790
-552	1175
85	-326
-197	996
790	212
-396	589
864	1064
-592	-1070
952	-571
68	633
-509	445
683	-87
818	1056
-980	-772
-7	-754
-945	680
836	-143
1024	-359
461	870
-249	885
-549	-220
476	773
537	498
-882	-886
-945	208
-1066	-307
-223	-61
-114	-368
-54	-558
652	-1154
715	564
1076	-1011
-1194	-651
685	852
384	-303
-26	469
98	221
137	-111
-309	38
-135	306
-394	839
-10	95
226	-867
582	-673
-307	980
-824	685
1112	-865
280	863
624	402
-247	620
1021	218
938	-883
-311	813
166	594
248	-923
166	916
-375	-232
632	-383
1098	221
117	251
-958	599
422	580
-601	-1053
597	-1006
-450	-333
552	-739
492	1057
-137	-645
384	-16
-193	-335
-129	418
417	-160
-149	-465
-1047	-590
288	-1058
-1184	-1
1136	918
-1138	366
-1019	-1013
803	8
-334	230
-881	-124
-1086	295
-530	-507
-756	-921
639	434
-269	149
577	525
-730	96
371	418
-352	-726
229	-67
-716	648
-379	-1071
-679	-854
-781	-1007
-1158	317
-160	-1047
-224	-621
293	-388
498	392
-1080	-369
332	28
-1070	-212
-581	120
-709	-378
-259	144
-289	904
147	-1022
-994	-987
-1010	1122
151	-264
-698	-552
-277	-503
646	363
-280	-389
-1171	1185
961	-355
-212	-270
605	840
763	682
576	252
637	612
161	-1199
-594	622
-59	-1073
572	-403
-1188	473
-881	-340
123	-640
-1114	-1049
566	342
554	655
-929	1067
-574	-175
-589	-53
1020	968
892	795
-641	-250
-572	-334
-949	-941
-653	1073
129	810
-239	-727
672	-1010
-214	-86
-375	740
102	737
678	-563
-142	-90
389	72
-784	1092
351	876
699	36
-799	620
1096	-650
-615	-539
-313	-396
1154	-540
1143	1057
-805	245
198	-803
-1191	-888
824	-500
-484	50
286	-89
744	1118
1120	-940
-1200	930
681	-517
1055	-365
-418	129
440	-754
457	989
-803	229
-687	-701
790	1147
-555	-605
796	-442
577	-450
259	1001
-660	-709
719	295
428	-839
817	688
-100	149
-905	548
-837	1151
363	-552
-819	942
-981	-669
331	-912
-898	199
979	-700
967	-318
22	1087
423	325
408	-596
404	-311
1102	807
-620	-738
1197	-407
385	58
53	13
-303	807
1039	-1103
-182	304
-409	-1164
1183	-576
-271	-1090
-493	-1177
32	-6
-865	618
1049	-502
747	992
-402	-17
-667	-908
1067	756
-258	-140
57	725
547	93
-642	-56
-107	828
-116	-850
215	-428
-82	-1096
-330	120
893	82
-926	-627
-340	854
880	353
-338	727
-748	995
391	-1116
152	-1109
-870	-1087
-6	822
-952	828
147	66
700	898
-185	-964
-1160	651
668	-566
763	-276
-98	-604
-252	-1132
-121	-608
1026	-167
-553	-450
-704	334
912	1042
1053	1196
1110	489
-88	-226
-685	-91
722	51
649	-844
-1000	-1116
448	-398
-625	-271
-792	781
129	-897
-452	-867
-128	1101
-913	1153
-1037	464
282	704
1081	606
653	938
1043	903
-904	-744
-327	-661
759	-440
184	681
-857	709
401	962
-422	-1180
-1193	128
-308	212
-965	317
-259	-845
-1137	-224
-1039	522
-262	175
699	-31
601	-144
-1163	490
502	-239
948	-748
937	664
-233	-1027
-544	275
268	-793
-881	-1070
-134	-449
347	-537
387	810
393	839
-1104	285
-283	-543
253	82
659	-1003
29	611
254	-592
-142	-617
-165	-753
203	507
223	-1192
1025	1102
-747	-1199
368	611
982	270
464	-293
1000	-1041
159	-428
-725	766
1059	578
404	770
-446	-1145
-1140	-211
-871	-760
465	-1022
-980	1150
-870	1012
-813	-1025
412	-890
-453	248
1196	1168
-1062	-683
595	179
-1053	-416
711	84
-600	528
112	1078
-78	843
-335	-256
-501	466
-996	586
-631	-1166
651	-24
-455	342
-11	-830
-435	732
858	-752
-136	-174
-75	-1086
135	-1062
355	277
-902	-972
497	-121
829	-271
1110	-642
221	780
438	-614
-199	-881
528	-158
257	497
688	708
-894	-897
1169	-617
-171	97
61	-385
-188	-292
-222	-348
-1137	-138
-55	-207
-173	705
228	-846
775	-62
903	-366
-940	247
-925	-472
704	-539
375	-632
-410	855
-263	817
-482	-206
732	-928
-243	-611
444	372
-55	-37
-1064	-423
-543	-916
49	-25
975	572
110	903
448	-1061
-33	-987
864	233
-120	-479
927	-670
-710	691
1180	-731
537	-232
-1153	667
582	114
-143	-982
687	349
262	432
-270	99
-787	441
722	569
475	-953
-48	250
456	741
-846	-212
170	-1200
-472	-888
962	-571
365	434
46	-574
-828	865
-611	429
864	699
-1084	-814
-181	-335
761	-1047
430	-32
-1135	-259
-515	1134
-522	-321
684	-875
1198	-20
-1047	-473
961	-645
-1098	184
-1152	1146
1079	-792
232	448
690	442
344	-1014
-30	946
-295	-720
994	216
-610	-150
-663	110
938	-23
185	1138
581	1081
989	209
558	1196
537	-73
64	595
675	-200
1140	-1199
857	-488
868	788
495	894
849	-491
698	539
-836	-764
826	-685
654	535
-353	-834
-149	-790
1061	327
236	899
521	-299
1105	1196
-194	124
-1112	848
654	65
653	-1016
-64	-1014
1011	-950
-552	-789
21	258
517	-834
946	-723
-99	-861
-1135	193
-509	930
635	274
1049	109
244	517
-262	933
-490	-626
697	-899
708	959
1147	-112
-286	-897
342	614
200	-1022
-7	-1053
222	-709
-1138	1137
989	-406
-317	-823
-403	-1124
692	106
767	367
-845	-30
-218	-1192
-671	-338
635	1186
443	-852
-872	-702
1152	695
841	1035
-267	743
-1045	182
899	-470
816	74
-794	787
23	-1126
-843	111
-594	64
-924	386
-289	256
-346	-135
-46	-1004
1041	207
-533	-876
178	-1056
-674	-101
692	-625
912	604
767	-540
-938	93
-356	607
456	-359
-396	-291
908	-630
-571	300
468	-999
900	-442
-208	570
-159	-1029
731	326
192	-166
438	318
373	-333
-1151	656
-386	635
-198	-1049
-1054	-1113
900	-59
-757	930
-800	548
-1115	93
-660	737
-920	277
1092	-883
630	-1057
-287	-658
-403	-157
-1077	161
396	492
-229	-867
208	-622
849	1060
1114	167
-1047	651
544	231
-714	-22
596	206
-982	1079
-133	-727
-576	-1155
-453	1160
-1039	42
-649	1125
-969	-626
546	502
-801	331
-821	-483
887	452
-1145	398
-141	-1018
-60	-131
889	307
872	-300
-200	143
-191	1151
296	-279
-661	593
-749	1186
86	-253
630	829
-271	-655
-908	1148
1150	-922
-948	-62
132	-788
-1046	-324
-51	-432
784	-10
-453	-1090
-385	-861
-433	-463
1135	775
307	-629
-98	735
-784	-803
-438	1127
-702	751
1180	1134
1020	-122
-1083	-514
-1165	1178
965	140
-971	1170
725	-415
-504	966
-164	726
981	-275
-787	-510
-312	-1126
1067	944
927	-771
543	398
-3	178
-901	489
880	-420
499	1136
-555	417
-997	-24
-494	22
-897	-79
635	-307
539	349
1195	508
-510	-481
-490	-865
-901	581
-1165	-1082
708	-958
-673	-752
811	-351
-1040	792
60	1008
-813	658
285	203
-1163	1048
10	1076
-642	173
-303	-236
-866	715
-1193	-692
-345	-141
-465	-565
-1045	78
-79	253
870	-484
-1068	-888
-193	703
-1147	446
-184	755
-744	-972
-297	-1031
1095	-1076
169	-131
657	421
1016	-486
27	1192
-678	-815
1136	379
1020	-104
501	-763
651	36
815	849
531	445
1157	18
899	-1074
150	-755
-286	708
-714	460
797	526
-130	-524
-998	71
-103	-141
-1128	153
-1098	-618
464	524
575	706
224	-492
-372	-891
185	-342
508	167
921	501
250	-378
-690	-76
922	947
346	448
1042	-67
-234	-69
54	-329
-881	-954
296	-1056
953	868
26	279
1002	-336
944	705
522	-310
1092	1070
929	293
-896	862
706	-395
-910	-755
1198	-889
-49	598
950	-2
813	35
377	707
137	-739
-575	-223
-364	154
320	123
466	-87
474	392
-300	174
-694	-828
-149	-1004
-1171	875
736	658
-453	1190
-1049	-18
-992	503
-70	-597
1195	1158
255	-439
-876	20
1087	-949
-947	-812
568	-865
-1149	950
-23	937
-468	-872
-1090	-825
-80	1053
775	-935
-852	-968
-456	384
-493	-825
425	-1075
164	-802
713	-796
-385	-658
-954	-1168
415	-653
707	-390
-291	-795
-376	-807
449	917
280	451
-201	-497
1056	105
568	977
113	-686
-109	296
521	-901
910	898
229	939
781	-706
1056	830
-105	665
1070	-64
-976	937
707	-201
364	828
-796	537
-1065	-335
765	-456
-103	-280
553	-314
1052	-286
-746	-136
474	-522
84	381
-937	1001
476	170
-394	365
68	-602
1175	-730
-428	-441
500	12
-992	467
666	-85
326	912
978	-10
-998	-363
-56	-154
-62	-961
838	-725
602	-259
487	-172
267	-189
-807	342
-275	76
-749	584
299	549
10	272
-794	655
898	427
435	366
-773	-631
-674	456
-438	928
-105	-225
-1173	30
-775	898
-720	42
-731	-964
1004	648
1016	1133
499	588
-953	1128
385	280
-120	381
-528	782
-794	887
-335	-775
-8	-897
517	-27
-767	814
-4	-837
566	-794
197	-972
-506	230
-472	-541
366	912
140	-1146
173	1131
-558	257
-255	-705
-674	-869
-1194	-199
788	-548
-181	-1194
890	543
-184	490
578	87
756	146
1004	775
500	791
342	-30
-1053	488
-830	78
639	171
171	-1083
-418	-342
158	1036
-1199	580
-182	-169
340	533
-1096	-674
-154	-300
-474	-577
-304	-1138
973	613
-363	665
-213	-665
387	504
1030	-646
-785	-243
-753	-966
237	1156
-808	157
-1131	-679
-901	1054
865	-586
324	-494
-1062	513
-820	1042
986	1009
1079	104
924	-916
-380	-159
-897	1186
-548	-331
-556	-1187
797	1191
-880	-861
-975	-974
-1132	601
1080	329
-255	-430
371	-109
976	777
1085	-76
866	-720
-1016	-180
939	-954
-101	-838
1024	-895
463	-796
-806	-1199
-744	-330
-297	135
-865	-761
549	-723
-1023	-954
737	-86
1149	-456
571	-1110
-156	209
688	665
-241	-456
114	408
-14	248
405	-722
840	142
-376	142
775	1147
390	-918
-381	514
-362	446
-242	840
498	-367
584	35
-541	-1073
-928	558
-1113	54
298	372
45	-1059
-1003	-214
226	856
1010	1097
1136	613
125	-655
207	780
-1065	254
-1052	513
-639	-1065
183	-44
-453	1129
-974	-271
743	-1114
621	-818
981	-930
707	245
-679	781
794	-635
625	794
-688	888
113	569
-1016	-529
-700	654
621	925
235	108
924	866
897	1082
-995	-698
-1165	623
1066	-1199
517	-489
988	1162
1047	-1101
-387	-655
63	-381
323	376
-1129	809
900	-686
-119	460
163	146
551	-922
-1004	717
-188	-501
69	529
-599	-218
1187	-10
778	1073
381	402
-595	-253
-423	759
-86	709
711	235
-1037	212
-910	-1030
-545	817
-1118	123
-1178	222
645	907
-1062	-233
-661	280
859	562
100	606
-1129	111
197	-885
169	-882
-243	-648
367	571
744	-513
-14	891
-69	363
217	552
598	118
-784	-324
273	-187
148	-339
817	-1135
-729	614
866	-983
986	1009
426	-1191
-39	958
101	-328
-323	-312
-329	1126
350	-982
812	-44
436	1083
-294	-544
-140	-684
282	201
-60	-274
516	400
1025	-72
-904	-163
-903	217
813	391
31	-911
-433	361
263	-254
672	64
-763	710
-421	872
-797	650
-618	-9
-316	-761
-211	-580
-1096	920
951	-1037
532	-408
-263	53
35	474
1139	-828
816	654
158	23
-807	-1067
846	-403
-598	-975
-835	244
-227	-22
-499	642
419	-736
-742	844
-1066	489
-982	-845
-169	-14
180	1051
378	-698
-512	97
1140	621
561	-603
1144	187
-594	838
902	470
243	17
259	671
1115	490
862	-829
581	436
-675	-859
-758	1015
1019	774
1035	45
220	341
429	378
-785	-543
-708	-986
-858	80
142	329
-1155	663
-821	354
-7	-366
-564	822
-401	-796
13	-1186
410	337
940	-531
-1100	-948
-641	-379
-797	-544
399	232
-966	1088
-1086	-655
-84	-639
-254	555
-59	-737
122	112
526	1134
698	82
-1103	-1021
-912	-941
923	1020
-459	658
-759	750
188	501
162	-38
1101	-761
-1027	-1060
678	-276
596	1094
-711	-1125
-939	-1159
263	150
-955	-676
736	-301
-410	1128
385	-96
732	28
1016	1063
566	-342
803	-1031
763	0
52	-1197
242	-380
645	-87
350	136
1165	-6
486	265
-75	339
-305	1150
-1009	732
-97	-65
142	-91
-559	-550
587	484
65	738
427	1080
270	23
473	-693
-431	-786
1095	1085
458	-944
376	-423
528	669
543	-650
1054	-40
54	1156
990	-153
-560	502
-295	-533
863	-351
-735	-842
-632	682
-828	1012
324	-645
-1014	96
358	-620
-412	1072
-1	1000
768	-164
243	1069
212	-553
-632	-970
-905	-167
537	136
-1067	1164
1005	-1137
-576	-630
-253	-1106
-658	198
-213	923
-823	-482
371	-778
702	-1161
-203	-438
790	61
1055	633
864	965
-311	-325
1128	169
-567	-1162
-608	518
18	-425
7	174
1032	626
1119	-34
-1020	-537
-217	-509
1019	212
738	-630
-832	193
1101	-869
-1063	-340
-810	543
-918	-1144
-715	-440
388	136
-366	566
-170	42
-11	923
696	398
-628	-69
-44	-1182
-949	-354
-982	832
-828	434
-332	715
905	70
1184	-231
-1049	-269
690	-230
349	-892
771	988
-360	864
490	-886
932	-165
-670	-547
219	-796
192	265
-1100	698
244	390
-985	492
-507	1085
1044	-353
1066	17
-1008	-216
-712	-166
-420	-292
789	-108
-980	973
162	548
66	611
608	-1011
-785	-460
298	670
560	93
59	-885
-1033	126
325	385
1067	-3
-1116	1101
95	827
-405	-197
455	-581
276	-438
-807	-1136
808	331
975	426
-1151	407
-181	-921
-823	-996
-1149	765
1122	482
-350	-262
511	279
-958	-866
807	459
1188	454
-1045	-522
803	-475
-36	156
1149	-1083
364	-209
-163	885
-211	-118
-509	877
926	-623
-825	333
723	396
4	-36
-1162	640
275	110
-1180	1098
1151	-671
-175	-2
1	-518
278	-515
-1080	398
-615	615
-919	-150
273	-393
-43	-735
74	5
490	738
-664	-266
163	573
-631	1195
-478	1018
255	-1002
665	-1146
-187	-1181
870	-640
-782	-672
892	-404
-20	1087
1092	-847
-1149	914
-315	-686
-939	127
409	730
-396	-991
508	-391
192	-1157
1043	601
160	-281
528	-965
-1199	898
-1170	353
-970	-1086
-1098	-877
155	-853
1119	583
896	-522
-358	-577
157	-417
-544	998
-480	493
923	333
-110	844
-367	165
-1001	497
882	-494
337	152
-426	-1161
245	-697
271	-143
1151	399
193	909
-1132	-17
-1199	-1185
-275	-681
-1048	905
-538	-469
1077	-690
281	1103
-747	523
-1088	523
-528	-593
-293	-896
-489	568
-16	-272
1018	-1199
1105	-1170
-1146	-376
844	120
422	-194
-505	534
593	250
-85	-1038
-901	-88
-851	-737
-102	-139
-313	596
974	-196
901	-403
-1061	641
-53	-1008
-35	733
689	26
1002	-271
310	856
-349	-202
-518	59
-358	710
-813	-960
-516	533
880	-792
-375	-805
938	1139
-192	-569
-809	-622
789	-485
-617	90
80	-481
542	1082
-879	-15
302	-98
-695	655
-795	745
1056	1137
-1012	29
-300	328
-726	-234
-134	-508
997	-782
-311	577
270	-999
-791	-24
-925	1064
895	-985
844	937
-89	843
876	1085
-499	-822
117	-749
-566	795
-903	-419
330	-440
293	-462
-672	136
-759	-935
-16	-526
1062	-51
537	-128
357	-710
-187	780
-1006	68
288	57
865	-789
-252	-234
1084	-394
-351	-496
-780	-536
174	1036
14	-648
-935	1046
-587	-538
-587	-474
182	1035
-1064	861
-714	-966
-460	-1056
918	257
-51	-981
-446	448
756	890
970	-940
588	242
-542	-1182
935	415
-729	-302
3	809
-594	170
197	372
-292	-457
51	-992
-923	190
308	310
628	48
877	65
-900	404
697	-406
-202	899
-703	975
-223	-610
-1131	-679
-15	-1006
-915	595
-620	-1047
-508	277
1126	431
-703	-444
-830	791
-10	-212
1136	878
-809	1152
342	-524
-765	328
-879	589
649	-48
761	761
816	733
846	-933
-982	947
75	-922
-14	419
90	-1012
-215	-378
491	698
939	1180
928	-937
730	-521
1041	-798
1132	799
128	-583
-832	-998
-650	763
530	-522
1089	834
815	9
353	-248
-1120	-1107
-729	-760
-48	-794
-423	-800
-1127	609
727	-681
-323	-332
-355	379
1149	-362
429	-117
1071	-774
435	-623
-62	22
-1169	144
719	-313
-67	-154
-489	-493
787	7
258	-1104
1055	114
857	158
971	954
-31	856
189	770
-367	649
579	935
-442	-1028
59	-229
214	-197
46	845
-634	895
-104	-174
-411	-400
-524	-930
-871	425
-1163	1046
-652	361
-153	-1074
739	-692
-188	1102
919	700
-202	-314
-741	-418
-349	-414
-1076	1100
-956	105
-452	446
991	1198
831	-793
-476	899
419	-1132
-301	-251
-516	968
-1163	-612
950	553
-247	785
157	-800
997	-142
577	1184
-170	-338
355	374
18	-158
63	811
-296	-130
655	367
-1083	-154
367	154
-1015	-1195
-1172	547
-1126	-232
-496	71
919	668
-949	646
615	548
645	262
107	936
4	245
699	-308
-281	-51
-255	348
296	-1168
369	413
857	-669
-630	210
-538	930
471	247
-564	-880
314	-1199
520	-1157
-1131	1016
-398	142
-947	-1134
-374	1063
488	1126
551	-654
607	902
54	659
1185	953
343	-237
706	-495
27	-1128
-525	-1022
1107	-9
490	-728
-547	-922
-115	-610
747	1153
-1009	682
1090	1032
1154	1120
24	36
-161	856
-715	1157
372	-1067
-287	-220
-756	1068
-149	465
-385	-241
-745	-235
237	459
651	288
756	-259
166	-1153
-1073	371
1185	-31
-420	170
-567	987
-95	30
721	-807
769	-833
-1097	-787
-60	-202
1005	-5
-132	-1
958	-245
-232	-1140
-1185	-89
-245	-660
342	-941
-864	969
206	-817
637	12
466	634
1001	-374
-726	-812
-1170	-689
404	-456
48	-1057
-412	1162
1092	269
-280	-181
-291	-25
-520	-867
491	17
647	703
-140	1169
-391	464
536	769
5	561
-573	-553
-895	-265
-1194	-269
-436	720
-237	-443
-476	-661
-739	-511
755	-203
-779	-1155
-102	-18
-957	646
-690	-880
1094	-855
604	406
-808	-294
-851	-707
-652	1130
338	799
662	673
-85	1192
-330	520
-22	-903
89	445
1166	-224
-692	-918
-966	-514
-214	-1038
-708	-155
-148	505
-194	113
71	524
838	-693
519	611
240	-1178
-906	517
-908	-139
927	171
789	619
199	-695
1156	336
389	-1157
1152	308
957	-383
226	-1168
385	472
-680	599
426	937
772	-550
-948	-1074
-1011	-50
-385	239
-1149	-1196
580	-630
-399	484
-196	-628
639	-387
215	102
-14	-910
-214	-810
629	-901
-237	-687
-889	-268
110	883
-155	782
-144	-368
-214	619
65	325
-145	1036
772	699
-147	-1170
962	765
801	727
314	-82
90	260
-924	-835
-49	-526
381	79
-347	677
-901	-91
301	-40
-568	322
881	-741
-500	-15
-420	218
-661	-253
1083	-150
892	-1068
-977	322
-1163	-365
-744	373
-676	268
37	1183
1118	-303
930	709
-115	367
-253	-1160
796	510
930	676
-224	-171
-812	-698
-18	-30
316	-983
-433	-216
-623	-722
476	-1
1175	1071
203	-994
96	-464
-776	1064
699	821
-125	-1081
919	-1111
270	483
-27	-644
459	-485
833	-8
-21	-869
540	-745
-133	-1154
416	996
276	-1141
821	1038
22	-1004
-199	-1115
-67	687
942	1071
417	909
1018	328
-1119	-1060
-12	-116
-620	-240
406	960
-1062	-601
-1156	-869
-958	1168
316	406
-374	-674
-776	493
517	-258
-32	-823
-1137	637
-759	1133
-532	-704
-986	162
919	1006
-977	-912
-19	-1064
793	-887
681	446
1034	829
-44	-540
-569	1027
1065	930
-55	-70
-103	245
1023	801
482	-316
597	-317
-404	109
-1053	675
663	551
420	1071
-153	329
-671	775
-1117	277
558	463
287	121
950	-1112
-730	1099
-636	-1102
-997	712
-588	-434
826	762
-1160	-1000
319	972
-965	155
-1140	-462
723	17
781	-687
-26	-118
-230	157
389	8
158	133
-912	1144
908	335
581	896
1068	170
235	-1005
-145	654
-351	1125
806	469
-438	1
-1135	-874
-603	-996
461	286
-1080	-64
-677	-927
-409	948
32	-855
-1107	-484
-1149	373
881	-96
-555	905
814	-327
146	-576
-749	-724
-913	945
-953	402
-238	-1200
-582	457
859	-383
-691	1193
-105	606
-530	615
-1139	63
-198	186
989	-34
-403	741
-489	182
-454	-874
72	556
-459	109
-49	-876
1072	108
-1003	-1126
272	-503
-762	-77
-976	-22
-168	-662
230	-766
286	381
-1145	-835
-993	639
308	-410
-20	-860
461	429
-941	862
-6	-394
-635	1140
1133	361
256	-551
-260	-130
181	509
-726	-311
-564	-1052
-1091	-1086
519	615
-416	-84
624	-1037
460	127
-881	403
183	-375
875	-248
-900	-197
-117	-234
699	-3
-196	74
-918	-1119
-325	204
-951	1140
-20	-355
-282	-611
-908	-98
531	-1024
794	-1133
805	554
