4500
-1350	-964
300	1946
-23	-285
2307	2324
298	-246
-651	948
224	518
262	635
1027	-532
-252	1355
2214	-186
1479	1947
487	-1279
1834	-483
2728	-1262
261	1990
2435	1038
-446	-348
2520	117
1376	1358
840	1573
2304	2586
417	2430
891	278
761	1008
2198	2642
-212	-400
2406	2646
1948	-926
2089	2426
-287	-644
756	-1335
-106	1956
37	837
2708	2690
895	2698
556	2468
1754	763
-483	-839
2559	1639
575	-1156
-946	2541
900	1778
-718	786
-284	-1307
2760	1697
185	2533
1787	-1043
2500	2154
1308	770
1205	275
2350	1512
2157	2473
152	72
-912	1458
1736	2740
-90	-305
443	2390
1587	288
576	2332
2265	620
1175	1540
1095	-97
2348	2148
559	-823
-109	1641
-966	1913
-83	-883
949	-380
1892	-370
480	-504
-1207	-705
339	2275
2034	1575
-87	561
1138	2635
1310	2080
2647	-701
2547	756
2366	361
1181	2269
-1083	1991
611	-564
2415	-1103
1247	-436
1921	2142
1663	-838
2222	-804
10	2121
-341	600
1692	1461
1108	1849
646	-678
489	-452
1434	575
2730	585
-175	395
2118	271
2058	-1256
2443	-1269
-122	-243
2158	1553
-792	778
2632	-1325
2315	2635
-390	2159
-972	-530
2149	272
1718	1515
897	1720
2486	1639
2717	190
1199	2526
567	222
-173	1599
991	375
1938	-844
517	-157
885	-290
-115	-385
382	1886
1723	982
2315	-1306
97	1867
1246	1785
2728	-272
-1084	-957
198	2656
-558	2629
598	2657
1473	-791
1334	1773
2498	1003
-130	-538
96	810
298	-1149
1725	-804
-504	2736
816	2425
1286	1822
-733	948
2044	866
1083	2477
-799	1391
148	307
1053	2128
1411	-829
-355	-490
955	2135
1800	1989
-1327	-665
-101	790
2470	1929
-477	-645
2132	2782
1386	2048
1692	1320
2585	1482
1887	1406
-159	120
2377	1534
2457	1085
2745	16
512	1361
1800	-910
-112	1986
2075	-1234
1254	622
-102	-1101
753	940
196	933
1071	2793
-343	-1389
196	-174
-1068	1048
-1341	2433
230	-864
-1332	-572
-953	353
1898	1160
201	1439
529	84
820	292
623	1739
-715	-626
134	217
-386	-623
1774	-530
1236	22
1589	-1010
-142	1530
-1207	-819
1244	1991
214	1961
335	1525
-559	649
-639	896
1505	580
2109	1101
-263	387
2271	1780
-244	1593
665	1808
-832	-302
-132	946
942	-223
459	-102
-490	2091
1320	-139
1274	-972
-385	2650
1959	2574
112	-100
1588	2422
-33	2701
2630	2375
-605	2541
-64	2369
-1134	433
2524	1357
1306	-528
2196	-156
2162	1436
639	-440
-4	2521
884	-1313
1401	2609
-1256	117
61	2564
752	1696
628	-742
1132	-329
1139	112
1353	793
289	208
-806	-278
2014	80
-617	1061
-1085	974
1228	-612
1803	-711
696	348
1636	-975
1535	1639
-1343	2486
1065	-635
-1141	-827
-960	2111
296	-646
-575	117
-988	-764
-894	2495
763	1743
2757	11
2794	-349
1373	2511
-1247	2685
2528	105
1598	2612
1330	1565
-499	-1173
1792	-558
-583	-822
2221	739
1675	2009
534	1114
-1155	-642
2610	2754
2673	820
-791	104
-781	837
-438	-49
837	1353
-228	1954
1156	2600
1481	1283
-286	50
783	126
-924	910
1229	-1043
1914	-1111
1260	1466
1630	-1174
-363	1862
-597	2178
-1031	2136
2734	131
61	1215
2665	320
1405	2528
-633	178
-801	1025
535	579
2667	474
2601	-1026
1355	1338
2793	-575
881	1974
-1278	2098
410	1272
131	2180
239	1327
2083	1808
1773	871
322	-1313
810	1871
1109	371
-387	651
-470	1875
-914	1675
-879	2347
2462	669
-321	-504
893	1632
569	1789
-966	2093
2629	1129
359	671
1990	742
503	2645
2463	980
-732	707
-299	-523
191	111
1722	11
-1039	-365
32	309
-421	1154
325	2554
-1366	-826
2111	1884
-925	2129
1956	847
1855	1506
2717	-221
2402	-1230
509	2238
1588	-255
-911	1369
2793	-862
1121	71
765	-188
1105	-672
-94	929
-212	1803
1227	419
1167	-887
1798	-1305
2581	1343
767	-526
320	-1322
2415	1985
1327	1089
-1399	55
1940	962
817	1578
2550	2758
1145	500
-429	112
-457	-1162
-1390	2125
168	275
1903	2508
765	1916
-693	2234
1270	1184
-51	2036
2105	-1259
-1145	-1262
2609	873
274	1762
-654	-1374
1593	1487
1047	2322
2532	-917
1758	1640
419	1339
1873	704
-1326	2753
1088	2221
983	202
329	809
-823	2085
169	1911
440	1650
2694	-926
-1046	2446
2207	1698
-456	1924
-380	1554
-348	-122
810	736
2412	1709
-939	1255
-854	2645
-188	1510
1380	233
1950	451
-390	1748
539	507
2790	1288
-864	-1069
2726	167
-822	2270
869	-1124
178	2555
-562	1340
766	2506
2211	-979
-1326	1415
-1373	-19
2529	208
2758	1636
-207	2669
1196	801
487	2018
-73	1149
2621	-1323
1003	229
1135	110
-1221	1879
-589	1293
447	1474
899	398
1269	89
2498	2506
-742	-193
2067	2289
-1228	1541
-1147	498
988	-569
-875	1492
2092	875
-331	-160
1581	1739
693	1495
-908	-653
196	900
1357	-727
2153	-747
1239	-709
2317	2775
408	2644
2633	2559
2267	133
1966	922
-761	1035
1673	2685
1330	28
-586	1491
2041	750
-363	-1113
1514	490
-606	270
2490	-193
1544	2228
-301	2417
232	998
1544	1969
443	-936
2225	2278
11	102
2562	2328
2614	389
2523	-1098
-1060	749
-56	41
-312	902
-1245	-1292
585	2473
2700	-151
1130	1004
-960	1419
1192	-174
-790	-247
831	959
-368	-120
2797	2498
-811	2296
-379	-1114
-765	2141
700	2706
244	2039
1700	906
1674	1088
918	-606
-1388	2770
1206	815
1198	770
392	-961
245	2515
-622	1139
-1078	518
1452	1344
1670	-652
660	1230
597	1831
463	1908
2049	931
-584	1189
2051	2072
-691	1630
522	2416
1278	1887
576	983
2291	1410
787	1048
-895	-641
852	-871
-1040	851
-1139	2283
554	516
1548	2184
534	-793
-601	-1280
959	-73
338	913
1905	538
1148	356
2436	2219
-793	2756
1152	2654
-693	-649
-366	2518
1474	2602
2297	2334
1325	390
-881	-246
-199	1766
-561	109
-549	114
1953	-546
2427	43
-133	-94
-570	-662
1715	1160
310	-28
2628	-919
332	-1309
-1297	-722
572	1320
2293	1227
793	211
2368	-1327
-21	553
-198	1405
2380	-581
2025	1237
2589	100
389	-1198
-1149	270
-1021	-45
2357	-66
-183	352
2401	2072
2542	2265
-719	506
1349	903
2482	2235
483	2777
-1044	626
-303	1811
2410	2686
-1162	87
-823	-962
1804	728
696	1240
992	1324
1427	55
-518	628
2749	2458
2062	-1265
-196	2418
2248	-704
2194	-552
-4	2083
2540	-24
1502	1147
-136	-1080
1857	-650
1573	1168
1170	883
2754	-1017
-1189	1204
-352	2572
1970	2597
2651	101
2693	-176
759	-67
2025	2309
1279	-457
-735	-950
-827	1580
-569	485
-605	64
-1080	1405
-574	-164
2392	491
2673	2717
1398	-405
608	1231
1848	1401
-61	2246
1515	1158
-180	-44
-437	165
-74	-466
-1087	1513
-673	2680
1281	696
2777	2709
1592	-947
-54	956
-995	2395
-169	149
33	-882
1702	-234
2286	1142
602	987
2670	931
-101	2150
966	1828
-212	-1177
24	1950
-853	2544
-947	1917
318	-31
2101	720
25	-86
-301	1628
693	2290
1544	368
-272	1814
893	277
620	507
489	604
989	-1272
2769	1354
1101	-84
499	1857
999	1614
487	2649
-285	2145
2585	700
-591	1997
2159	840
-795	637
1032	2637
1782	904
2611	849
775	713
2118	-581
-529	2348
740	718
338	2498
-1179	766
2670	-379
-325	222
-652	216
1580	1257
-320	-341
1230	455
1688	-467
-1065	-728
-494	1614
400	1991
-424	2148
1463	804
-444	-350
-455	282
1804	1780
196	-1188
-1315	-505
1821	1493
-372	-793
-283	544
1903	-737
2294	192
2199	471
843	2177
2299	-799
293	176
1618	-540
610	119
-203	-506
2062	1500
2169	1114
331	-980
1141	1883
-736	1678
2490	989
2512	-1287
608	1763
2253	254
-27	-794
-1236	818
671	-246
-872	2296
691	2192
712	1439
1711	2357
-1389	-1150
1241	1307
2763	-954
2672	130
-904	2399
2505	219
2235	1589
-99	85
-1144	653
2534	1659
-1349	1663
1285	2092
2639	-1172
2756	666
-328	-576
1543	536
233	751
2364	-810
-1371	-346
1190	400
-474	-919
-817	2065
2117	1956
2189	2350
1998	807
1960	1245
2404	1180
1348	2646
457	1558
1636	1787
-1222	-776
2387	1029
4	1439
2149	1595
116	1964
2683	2435
2674	-234
-689	643
1194	1251
-871	1136
-1384	1667
2262	1317
2068	168
1427	-736
2501	-1321
-730	453
1758	2539
-955	-363
683	1500
567	-168
-416	-1354
1144	2774
155	251
1793	-1294
1715	-407
676	-655
-160	2030
-307	-522
874	2310
-237	560
2738	1193
2292	357
-404	130
1215	-352
300	-190
1381	-776
2624	1891
-1013	1409
175	-1034
1435	-851
2098	-961
862	1386
1777	2222
-66	2043
-47	1935
2481	1827
-983	-779
2255	2239
-45	2079
1032	-22
-273	1197
1739	-1168
1793	-1249
2538	-420
2648	966
1291	2329
-961	1128
205	1857
-399	-136
1990	-761
879	-684
2193	1298
-847	-1356
-353	472
1735	1252
-1356	-319
-884	-330
130	-32
1092	142
-405	-981
2627	594
-713	2601
1517	650
1517	1689
-1060	-510
2618	2064
699	-276
1883	2033
2570	2610
2533	600
-565	2052
-1295	2629
-1363	726
2429	1860
-469	-1321
751	1896
226	821
119	-727
2363	268
2320	1947
-681	-901
1385	2576
436	698
-280	258
-861	928
1860	2351
1953	135
1946	1552
-160	1385
1584	2200
1726	-338
1372	-393
-378	885
1938	537
-1238	336
-152	2073
1553	-904
2490	-465
-1225	-1041
-1288	1437
1112	514
817	308
-667	1624
844	19
212	2170
1292	2358
256	18
1730	491
-1245	2286
1724	-800
2402	301
-217	-82
2536	-954
2025	1632
410	389
1783	-235
-135	328
-1051	-5
-482	2377
2364	44
1986	203
-343	-961
1976	2662
161	2055
-214	2441
1941	-660
-307	1672
1101	363
-985	10
623	582
1974	1176
2581	-660
-1274	536
1760	1076
2592	1799
-573	2583
1289	2372
-354	598
-121	1936
2238	2092
-1199	-826
1246	836
-299	1099
896	2264
530	-541
398	-1252
1043	-1006
555	-103
1500	2244
36	2130
2427	2434
-1098	630
922	809
2698	1645
2584	487
484	-316
2749	1999
1083	-987
-1335	714
788	1057
-308	-1246
2071	2203
359	1084
1309	843
-622	2319
1693	-537
2066	-491
1388	2318
588	1596
341	2010
644	1405
-957	183
2097	-461
2563	733
-459	838
-137	196
2532	2538
-913	-638
2452	1719
-1385	-634
2346	1678
779	-1018
1348	-1249
2150	1004
1553	1688
2273	2306
-561	-580
-822	-693
2717	2590
2704	-386
827	1293
2169	2721
840	-585
2531	582
2025	1343
-344	-722
-278	-1339
162	-716
779	1265
-872	1877
2740	617
657	1702
980	2279
2372	-211
2314	1144
2091	955
2741	214
751	-1266
870	-322
-1258	337
668	585
1969	-48
136	2572
-1072	-1119
1963	2694
347	407
672	-1048
2041	909
2123	2425
1512	514
-887	-459
2548	126
2048	2228
-648	1003
213	1517
2172	2681
-14	-1013
129	584
-864	1249
600	714
-1068	1859
1631	1758
-854	-761
1070	95
1869	436
495	2439
-242	961
1239	2250
-942	-703
-10	2178
345	109
1757	741
238	2745
2256	2539
1630	1438
2579	650
1130	2147
1293	306
276	1331
2049	-559
-256	1246
-929	2153
1069	-552
2314	203
442	2118
794	-768
-578	1881
1660	-348
-691	1027
-918	368
1166	-33
-240	346
-183	603
-1037	2715
20	2457
2111	-954
-98	476
1175	-507
1809	2172
-107	2706
-324	-549
2617	709
607	1484
2716	-173
1043	-471
1204	-740
-1223	2643
-875	248
132	2003
1127	-526
10	901
1008	2121
475	2269
990	421
1038	1583
1465	1555
357	1974
1479	292
-478	-86
1745	2374
1224	-296
921	-1268
347	2569
-1169	690
1904	2618
643	1778
-74	2276
2676	-418
-162	72
2787	2669
-1275	-367
2056	634
653	106
228	2263
110	-506
-1219	-672
1930	425
465	2706
538	1789
-484	2401
-18	2221
1815	503
2502	-951
-503	200
103	2225
-332	621
58	2088
2084	1244
2571	1520
-469	2093
1807	1716
-526	-1184
-909	1875
448	-1125
970	-1277
1138	1312
2673	-867
-1000	1870
-628	1410
-83	-1021
2383	2386
-1070	859
959	-980
-935	-1236
2288	1121
2613	1165
2657	291
739	1668
1686	-87
2397	2221
1992	1035
-244	1110
834	2188
112	36
-399	-80
-750	136
-1055	831
-1056	-1229
399	725
-1063	2480
825	-391
1173	291
1170	2027
2474	-1165
-1341	-203
-771	-1199
-1261	1130
1767	634
110	-950
2766	1774
-1325	925
526	323
1084	2789
-1143	-239
-296	1792
-1185	-869
2127	1769
365	2462
-354	-1048
469	2246
2004	-518
1171	2521
-707	-882
890	2028
-490	2202
2303	2248
471	2350
10	-1316
1208	956
815	-532
-209	-1246
2538	836
-761	-1014
1040	-635
2037	-703
780	-460
1905	2316
1808	22
-515	592
-85	1827
-881	501
-1383	909
2168	2155
-662	-1303
-1052	-870
1321	705
185	412
1445	1030
1548	1642
-742	-562
927	-374
317	4
344	2199
-372	238
-1017	2449
-644	2641
1444	2038
86	1786
267	-1118
1388	-289
2031	-237
2280	-1215
241	-1198
748	-576
-1027	1791
46	1295
2457	-1029
240	-1079
236	-545
-800	70
133	1917
1340	553
1144	-380
1869	-755
189	-504
422	-84
-128	-194
-293	2644
2347	-282
1598	1504
2715	-231
1624	1515
2413	266
-921	-361
1565	-76
2213	-1055
70	-592
174	-1211
1484	422
1304	2137
-1217	-610
2606	-1027
2690	2343
2734	187
905	-2
-816	-995
184	114
1550	-400
-535	2540
507	-425
200	-543
2399	704
709	698
-295	-1374
-1221	1603
1054	1166
-1158	-585
-931	1392
1593	430
2272	538
863	563
2253	217
-11	1574
2575	-840
1467	483
-15	1999
-815	1843
1821	2674
1804	836
-475	1606
-338	-1263
-1301	-875
1651	662
-1026	1136
1145	-400
2481	2107
1516	-50
2729	-1364
132	-1104
-1246	-829
-235	34
39	-637
-430	-641
2475	-472
1775	-1083
1453	105
2751	2607
-460	-442
-371	1388
1879	2627
518	-1255
-617	-1160
-513	-86
435	2579
2050	1048
-741	2088
753	1200
2741	2403
-1148	1352
1662	1598
2485	300
-1352	-931
86	495
890	1979
1169	-52
-192	2657
-477	1968
-596	2386
634	4
-293	2794
1754	2684
322	2049
-1078	266
-689	2651
2333	-700
983	2783
688	631
329	2476
2381	2370
794	1602
2568	1217
-1150	1803
838	559
2580	1089
718	2269
-759	2360
2203	-1012
2260	119
-145	1899
-819	1160
2695	-6
997	1315
-623	2668
1725	1422
927	1127
-852	1291
-199	-1152
2702	-986
531	1788
1783	1821
1072	-1144
-1117	1131
-1143	-926
-913	463
-632	-853
2292	2392
1265	92
1600	1136
2390	-1053
2158	101
-264	1608
736	969
-131	468
-472	-86
1911	-1290
1093	1331
1833	1454
1148	1481
-14	-104
810	-1078
1692	1483
-508	678
1252	1256
-1293	-772
-245	1920
756	-381
399	-539
999	1372
463	1571
1944	1643
1679	-1088
-763	-963
2526	2768
1252	105
-294	530
-1323	1212
-694	1879
-452	875
1512	830
1301	2509
-1346	675
-453	260
-697	1980
2633	1783
1275	2478
1366	-1386
384	-1231
-1314	2742
1134	-438
-238	-891
873	794
1308	-1135
176	-814
229	57
129	-744
-490	612
459	1194
-1141	-68
468	62
-239	1964
2217	1212
1355	1977
1996	2243
2099	752
-917	1277
-407	2053
1518	1690
-79	2145
2011	-334
89	-1041
-1118	-724
-1024	2315
19	2633
-1330	2153
1452	-390
938	2147
-391	301
1985	162
277	-1038
-651	-165
-480	-450
-273	-594
1995	-95
1386	-535
-484	682
-947	1773
667	-615
1820	2184
2282	2475
1962	-1040
-746	2708
-379	2526
894	-95
-313	519
2759	1857
-1388	-310
-775	-1014
-128	-845
2560	511
-29	-1318
886	1845
-163	1520
1448	-464
960	2703
2062	-807
-756	2531
2271	429
243	2027
-167	1854
1128	826
-144	918
-645	305
2379	1800
2239	1355
-942	-1243
-525	5
292	154
2370	2635
-1238	144
1293	1005
-1037	2042
1239	-421
-1113	-391
1990	1708
-1086	483
-819	-938
2026	1907
2408	269
307	2116
2444	461
1046	2019
2623	2568
1346	2550
2113	-101
744	1321
-751	1396
102	1762
2066	2067
1789	-581
689	2278
-1114	-233
-519	-1137
1850	902
669	1102
1454	-755
2518	1029
1778	-656
-637	1010
416	1527
2245	-488
-19	-1242
1839	-1001
1369	-1081
2670	1317
-581	680
1710	2782
2216	1876
2498	-1271
2500	-694
690	-167
-240	-606
674	-566
2224	1148
-1145	269
-573	158
-774	1318
-1046	1311
-1248	1709
570	342
1578	1004
659	1067
775	1317
-390	1564
804	1494
2484	696
1861	192
175	-1381
-1367	-1094
-1344	1694
2151	-290
-1186	-250
953	548
-402	-317
1883	-1275
-1286	-1175
611	-811
1578	114
251	-648
-270	-700
452	31
548	2151
2391	2562
313	2645
-989	1666
1912	1512
335	632
424	2598
1047	-1390
-519	2041
947	-1322
1904	-468
-1109	33
867	2102
704	2493
662	-830
1620	1874
1970	-1376
1730	-1124
-964	-675
1539	-1344
1823	-941
-228	1498
-926	-485
234	460
-1231	-1036
1447	208
-383	2019
2283	-838
-663	1615
822	2170
565	2749
-280	700
-2	-1119
2240	932
476	-921
-691	-1353
-75	679
1511	1100
-720	753
-27	490
2025	368
448	2012
905	832
1738	1673
-818	-1343
1656	-887
9	-642
2485	-963
2042	1092
-434	1646
-1375	2661
-1201	1346
-829	-310
1476	1855
-393	462
-658	1136
2519	-449
1816	-387
2287	2690
2202	-586
-139	-149
1068	1927
1607	1591
-466	-1153
196	1405
1569	-906
2300	-750
-665	-716
1470	2010
2430	-475
-312	1628
312	2306
-1112	1590
27	211
-502	158
2507	659
-712	-586
475	-163
239	-1313
431	144
-89	-1112
-1237	738
2579	-945
531	770
-95	2598
1960	2324
1705	2084
-715	-269
436	-1159
-1361	1795
1051	-1145
-1237	993
-432	876
1077	424
-1057	2271
1830	-642
1586	-993
1124	2681
2618	-431
-954	2646
-951	-1155
-1042	1133
1812	1740
397	583
264	-918
-1219	2498
1088	2771
223	2370
1014	-368
-458	2368
-613	-1390
2011	1728
792	-790
2653	35
-115	1460
-1137	586
-476	72
807	-814
2008	-958
1875	2197
784	-294
-26	-1002
1381	1951
813	316
1789	1318
2234	187
976	2590
90	2618
1831	2650
-656	911
1533	1128
2755	-1299
-221	180
1640	2403
2685	-965
-698	2268
814	1095
-189	1526
699	2454
1106	1554
2176	-1245
1683	663
1052	50
1407	2700
1675	2213
-720	1862
1836	-814
1087	680
-794	-804
2086	2058
-820	150
-1043	1304
2622	2639
1342	870
1370	1754
963	-1354
1150	1798
1877	-231
1779	-335
753	-1257
1644	2747
1135	-815
-1212	-873
-1143	2531
-528	1642
1893	-1136
2592	-325
-494	2547
2553	-522
1068	44
1449	-852
-205	1548
-756	-884
-554	931
-593	-253
-465	1595
-1398	1802
1586	2377
436	1995
2549	2295
-584	2514
-903	383
41	882
497	1699
-680	-721
-332	812
-530	623
2669	-1037
375	1934
2731	-984
143	-1067
510	-780
-14	168
-204	-966
2533	-965
887	1961
-1281	-520
498	-178
2163	1853
1936	634
-193	2674
682	2504
1260	1635
-1370	1115
-1213	517
2290	-510
-1043	609
2381	1598
-950	2566
503	634
2557	1279
-734	-401
-1115	56
-422	2573
218	2312
-1212	-829
-789	1104
2639	-1161
565	1086
-564	823
-301	1816
-413	-998
-582	-933
109	280
2235	1542
-1107	1374
741	-677
-59	2427
76	-412
427	715
2412	-1076
2070	-823
1446	829
1181	-1104
830	383
943	396
995	1426
2357	774
596	1534
1273	2562
2458	753
2744	2372
-714	2553
790	-875
2757	2692
-1397	1322
1044	-98
1228	-567
1206	2330
873	-31
-33	1890
654	-67
2042	945
136	-1232
2732	2648
816	2709
2262	-190
1603	1004
-1008	2074
-357	235
1795	-1125
2304	-414
149	2545
-671	202
-550	-1263
793	2649
-461	2719
224	442
2643	2376
126	2006
-1292	1894
965	1711
-26	948
2726	2636
2725	1034
1289	2128
-336	177
-571	-679
107	-734
-845	486
-986	994
498	-1015
2444	-222
2511	-1353
792	289
1491	2505
1733	2713
2051	-1109
-871	521
1710	2216
1388	1650
2645	-1108
790	-1048
331	2650
853	691
848	849
1597	2755
218	2274
-538	1049
650	1833
2013	1037
-736	-547
-1311	-943
1808	2032
-746	1113
1708	2411
1029	-1215
715	-834
379	1724
-361	1233
1323	1879
-162	-79
1264	2606
-467	868
2453	1963
1359	2401
2473	304
1662	1818
2435	2708
2165	1487
-101	-73
-238	-757
-1	2755
720	-1144
-13	227
1912	-736
505	278
2342	-1058
-774	1173
-1330	58
259	893
77	2123
-730	1023
2188	-604
569	1662
2575	2007
-1117	2781
1058	64
646	577
-337	-891
-496	185
1457	-1171
645	1116
1620	2498
1346	2514
1884	506
-51	-1166
-1050	2032
410	-524
-260	1864
-1397	1618
2250	348
2694	1287
-233	-543
-261	552
1506	1811
-954	1060
1506	-1230
1983	2091
-441	2447
2789	-469
1316	1970
577	2034
1884	237
2160	1485
2404	1658
465	1766
820	2785
-76	-120
708	1851
-1261	1929
1969	833
-1321	-1315
1738	1339
385	1527
2591	2457
1162	1864
104	2383
-1114	1995
1976	-14
2534	2356
-1104	-1181
2584	1698
-1325	645
2698	345
-80	1951
1213	2553
1602	1878
1379	-1099
386	1992
2403	-161
681	970
-331	-577
-290	1612
-145	-202
-930	-532
-1201	-68
-1296	2244
831	-229
705	2156
-291	688
-292	-1341
1839	2361
2520	-479
1283	866
1558	-1259
966	1905
18	2043
1383	-899
1178	2445
759	592
1773	34
533	-297
1031	2318
1698	1833
-719	424
1662	-1319
1912	-204
2394	422
38	-1193
1815	431
-730	2453
931	2306
1157	-1308
2396	1880
2295	-1275
267	1107
1094	-57
2357	-239
722	2423
539	1667
2008	-762
61	-833
271	559
2718	2711
274	-992
2085	2688
2090	825
1564	-696
2010	-125
836	1339
-682	277
-684	-1318
-861	1119
1327	2427
2353	917
2795	2697
392	-58
2503	-991
1641	-621
-457	2168
-959	-390
-1283	-293
2379	1072
-1035	266
631	2634
-865	2180
-1338	-130
1425	-888
1575	423
279	-748
-59	91
570	1701
2771	2470
2128	-71
670	1650
2167	2045
590	65
2200	-319
634	1467
-880	2662
-1126	-1135
-435	905
2237	-970
-263	-453
392	-82
625	1654
-26	-1391
-662	451
250	1888
1512	-134
-434	-11
2680	641
1032	-1239
-778	1943
2443	-1223
1715	2485
2774	-702
986	-215
1348	-302
1377	2051
-152	2265
-89	-236
1195	-593
1627	832
-341	-388
1759	1580
1599	1945
94	974
43	-1306
709	258
2118	731
1677	-64
-401	964
267	-630
-1348	1165
1888	1148
1256	2033
160	2761
444	-1197
195	834
682	1009
1377	-808
607	834
1427	-1011
-1146	2653
-199	625
-1271	984
1157	-739
2666	497
1257	1927
468	1551
2420	468
1852	-1198
-556	-521
1974	-1341
2423	-694
2574	636
1760	-9
-552	-219
-217	895
-617	1695
-351	-1170
53	-406
531	-209
287	49
2434	-492
-247	-1037
852	2256
-1255	-1276
1897	-320
-1262	332
2593	-770
1232	-9
-1322	-1167
-1262	1819
-1122	2542
2579	1884
928	-170
2250	1448
2453	338
-983	241
142	2043
2702	-101
1010	980
2147	1675
1088	609
144	-443
-823	-1384
2628	1669
274	1063
2444	-1241
-1101	1394
-39	1376
-724	944
-1078	724
-781	1745
1815	-140
2285	-978
1469	2515
-709	-1115
563	-369
146	2203
2549	765
2086	1560
2760	-1293
2757	-1320
2765	592
366	-1158
-54	1193
-515	2763
385	1835
546	-1220
2459	2410
646	223
785	436
1466	996
1029	941
-1193	1715
2059	-1285
-533	-933
2470	-60
-282	-176
2779	1821
-989	-666
-871	619
-184	285
-187	1432
2195	2750
1358	2030
2556	1038
1234	565
1158	1391
-5	1875
1026	789
1264	1135
2589	1856
1599	192
22	-690
317	2415
-625	1886
-531	-1288
-368	1171
282	-570
-1112	1680
2470	2294
753	265
-736	-1059
825	-15
-1156	1843
157	-1054
1069	2090
-348	-137
2572	-827
1365	204
2754	-489
1880	385
1605	2717
1243	1514
680	1480
495	-279
1093	468
541	-357
-17	1170
936	2351
1157	1297
1274	1209
-1144	-558
1983	529
-298	-660
-1288	1359
-656	-170
1186	335
998	2311
-614	-297
-395	368
2272	2227
710	14
2278	2009
-581	825
196	1528
-170	-505
2234	-693
-871	2660
1118	1923
-1350	1626
1418	-922
75	647
68	1337
-543	1902
2243	-1145
1177	-550
1023	349
297	41
872	1932
-723	1824
1145	104
1643	-1229
-864	-511
-740	-300
138	-837
-40	-1148
-156	1497
-545	1412
1395	1631
-927	1200
2234	1185
1077	2532
-805	822
-1112	-748
482	1084
1525	935
1134	-190
-1152	684
-534	-578
350	1736
-524	85
1825	938
356	2705
-532	-609
1406	330
586	2256
-1335	2224
792	1165
1468	2774
-1338	870
752	2694
-370	1820
-50	93
1326	-125
1973	-298
-70	615
1672	1657
2432	-335
-747	997
-64	1033
-721	1379
533	2768
1418	1118
557	-1244
1362	-1396
-323	2461
1057	15
1749	155
2525	2236
509	2363
1095	2187
808	905
-1262	419
2344	-1052
-1131	1493
79	2577
319	1518
-1245	736
1298	126
2570	1899
1554	1806
2029	-324
2081	618
-41	2576
-1371	-359
1570	271
-68	-537
-796	-1294
2528	245
2225	2716
379	792
645	1679
964	2544
-132	78
335	2553
-1367	13
-346	2685
-288	-1102
1187	822
-232	150
-576	949
601	-1067
-336	-962
-215	1270
2339	116
507	137
952	901
121	2766
2301	-521
520	26
-792	-456
-758	-422
1051	-1270
-212	-489
2544	2537
-502	2436
1090	94
-1	1451
1985	1757
-542	2375
-487	42
-535	586
1370	2131
-1017	-1270
-769	-596
2786	-761
-1390	-1218
1059	-765
-175	1290
2698	2608
787	-127
1962	1210
960	1013
2743	1945
892	433
-951	2493
1916	31
2449	727
-1028	-1227
384	1692
443	1985
-1248	1519
924	468
-810	297
76	-1072
-521	-1208
1523	2424
176	-1052
-29	-746
1269	-707
131	1176
2535	-1268
116	1394
-784	191
-773	-252
-528	1830
762	-627
2757	185
-105	-448
2764	-912
723	-787
2113	-524
2138	1889
2587	-823
2167	140
1089	-634
-49	-850
1092	1324
681	1401
924	431
367	2643
2665	-350
-1379	125
-1356	-1109
-749	1208
-670	1877
-829	-724
541	1082
1116	123
1685	-1063
1148	-551
-474	2794
1339	2341
-421	-696
-173	-552
-616	400
670	-303
-1008	2359
1492	1925
2015	-1363
683	1096
1592	-559
-344	-611
2162	-50
240	-1114
-579	534
-874	-37
801	-765
140	49
-120	950
2275	-1314
-748	-510
-1016	-911
-1109	-996
-784	1167
-1169	721
1144	2260
823	44
2784	813
690	2180
-1055	-365
-449	168
737	-716
716	621
1019	1893
2451	2660
-1343	-850
-663	291
-833	-1169
-885	2291
-126	1335
422	-1241
1391	187
1448	1359
2208	-557
-704	1639
-344	1952
-640	872
1860	-21
1419	1320
1947	-454
1255	-1271
2088	-1319
2419	425
-350	1389
-951	2502
-653	2646
-1105	365
591	762
1295	-716
2737	1157
479	-681
-1044	206
-251	1117
330	9
1277	1525
-1368	2563
1722	935
2037	573
-1135	1790
92	-202
2669	1423
-180	-1368
928	-168
1373	2394
-1291	-48
1167	-479
-1197	1302
1071	2283
82	2295
1398	1999
-831	-874
2378	-1381
1715	1155
-908	-304
1168	44
832	139
2477	1986
114	-1125
622	195
-1156	717
77	264
2006	-582
-1237	937
1837	1057
2103	1647
1344	813
-264	68
2680	741
-1368	755
1671	1330
2611	2350
2551	880
2407	-590
-495	1311
200	2011
2644	2695
-695	2611
1015	-712
977	492
880	1183
-11	2570
-1355	1286
-295	859
-1386	-1210
2223	88
2174	1204
-603	-491
1370	1301
-1382	2648
1033	599
2474	2461
3	1070
1	971
2368	-6
-582	2242
1965	-1276
417	-1238
-593	1281
807	-186
2704	812
2650	1963
-1300	1328
2341	2148
-371	-610
-419	1086
-49	1926
-1366	2133
-1094	1525
-1120	-1215
338	2030
260	-1092
1766	2776
149	-394
626	563
-153	56
415	2405
-501	1834
1220	592
2179	-764
-1147	-1091
-970	-1284
2021	2694
2102	39
1787	-1373
1268	-390
-507	-821
432	1727
341	286
1379	2148
2390	1266
2407	2007
-159	2405
1757	1326
1954	-571
2695	-1237
-997	925
1153	72
1214	2270
1367	1598
-1089	2422
-519	278
285	1560
1313	1639
2137	-253
1681	48
999	-848
-143	932
-297	2443
738	-1400
1605	2110
520	1840
1318	1237
2257	665
202	-814
1556	444
1710	-1286
2203	-19
-1334	1730
625	1794
-76	1176
-354	1433
2231	982
2117	2520
-664	983
2754	-1296
1952	255
805	1023
-517	-1267
-71	1889
-975	-1088
2178	2017
1917	599
685	301
-1006	488
1771	601
2385	480
-578	1783
1272	187
-797	2232
1618	-372
1830	1123
2632	1018
-955	361
492	2340
1257	2660
699	-57
651	-1049
-913	124
2075	1360
1268	1138
891	-833
893	-509
2700	-457
318	931
2205	2648
276	1927
364	2225
-816	2649
-668	-1040
-275	530
1312	-210
2167	1452
-881	3
-827	671
-428	233
2326	-583
2503	1279
-482	908
416	-1144
1370	529
1334	-1146
2646	1131
515	2354
2491	1243
1893	1472
-1204	-183
1744	1894
1793	1948
-128	1003
-165	-866
1414	1493
2665	412
1541	-701
-253	-178
-650	1455
1141	1449
574	1414
2462	274
1741	2087
-888	2660
-44	2600
2185	2358
-971	2272
2385	444
-663	-22
-232	2375
1236	136
266	1305
-383	586
-509	-266
1072	-58
1277	-130
1211	1359
777	1453
-1121	2660
2563	644
181	-543
-482	2119
-804	-159
-1065	1739
-1165	-255
-424	1180
1935	2377
-510	222
2505	222
911	1422
1513	819
-49	2301
-49	2502
1781	691
255	2567
-59	622
1878	2412
1505	851
1387	-761
530	1848
840	1435
648	-1224
825	190
1699	1379
1808	-411
-501	547
-1382	2124
558	-189
2558	-1131
804	401
-422	1073
1957	-219
-193	186
1770	-564
1603	981
1200	-321
-622	2155
1343	2583
2361	-170
1252	1840
922	-1004
1498	2214
2644	577
636	1508
-668	942
-717	2677
14	282
1982	-686
869	-108
1145	-810
467	-1380
1650	2662
617	-1129
-879	2169
2431	1901
-974	-952
2615	279
2739	612
-1179	214
2180	816
1474	-1077
219	2620
-44	1085
1021	-223
646	616
2225	-1305
535	2147
2433	-110
-1264	1429
2218	-1293
-232	-121
2150	1915
-484	-563
2214	2312
2604	1654
-566	-31
-1325	1899
2561	1185
-670	-816
564	1196
2124	1227
1373	531
-140	-41
2066	-536
957	1517
583	-254
2341	-1174
-1365	-134
1047	706
-798	-726
447	1057
-1247	2022
1050	2519
-1304	352
-392	1607
2146	-62
-1380	2743
-1281	2196
262	1057
2140	-54
1467	1567
-175	2359
585	460
138	-1124
626	435
2310	-792
1969	1207
1318	1257
-550	677
630	1197
2510	1392
-577	1222
2397	83
-1339	-1362
411	-868
2709	-416
2493	53
1676	2114
360	-675
2689	92
1346	-49
876	-685
-1033	-896
201	1287
1042	1528
2227	-70
-944	-978
-388	865
398	-1315
871	2573
-912	1541
2017	2688
242	217
-522	788
-957	2265
714	-225
-1396	-85
425	-754
2642	-1326
1736	1786
51	1349
995	-725
905	973
557	587
1885	440
-1155	-79
2256	326
630	1951
2706	1604
-1371	140
1855	-442
-1084	-540
-61	-703
2109	-614
184	2171
2788	448
1936	-494
2425	2105
-975	1104
783	-1380
-814	-297
2143	566
1116	245
2129	29
401	2063
1186	1308
1408	2694
-482	1112
-808	-1068
-846	1231
364	-1291
-993	2108
69	910
1413	-159
1210	-995
1602	556
885	980
243	2221
2294	1662
-779	2785
-1033	-1278
2516	974
1729	1535
-48	1842
-657	-537
2280	332
1324	-109
-71	2115
1873	-1388
-812	966
327	-1309
929	1416
1413	1740
1003	1541
959	1120
-945	639
354	-687
1258	-1092
71	-415
1266	-1264
799	-836
2740	-266
-911	1641
276	1081
2715	-771
-922	771
443	1616
1800	-858
2768	1019
1843	631
-404	-870
-1137	1425
1504	1396
-424	932
-325	862
-1213	-859
1839	-965
1526	347
2285	-127
679	-965
1410	2528
919	752
1058	2676
2539	1843
55	2287
-47	629
1012	2497
1797	300
-661	2254
-1362	-277
-968	1585
1715	1725
707	1157
1190	117
242	2526
2584	2677
2676	1797
2645	2362
255	562
-44	-473
2514	790
-422	807
-30	2784
1174	-518
2530	-1130
1453	-393
-731	-1151
-808	1735
1497	585
2433	1627
648	2321
622	2375
1531	-953
-1015	624
-425	1328
77	-647
-781	-468
2605	-1320
1075	306
-777	1567
587	-222
2025	2667
1319	401
873	-1259
-1015	-641
244	-982
1417	2621
-352	2504
-461	1357
-269	1809
678	-982
-1137	1475
2320	399
778	1005
-163	2515
-339	687
669	363
-929	-89
480	988
1176	-362
-338	-490
392	-870
-21	444
-394	1606
305	1328
358	-791
1175	2307
-723	1157
-1162	-428
-989	2705
339	-971
-794	-1256
-173	-506
1168	-92
1283	1954
287	-1197
-40	103
-1253	1799
1851	2260
488	-869
1455	-1046
597	-1235
-27	2412
-916	-206
-823	2645
-1106	2662
-126	-965
2240	-750
1827	173
1744	304
-347	-962
-271	-157
2166	101
830	1497
804	1095
557	-1280
22	1084
1582	1112
-286	-224
2448	72
862	2777
-1090	-580
2448	-1065
1578	806
-5	-1241
2667	-472
1378	1496
1957	1414
-422	2196
660	-353
-1345	2426
-421	-237
-1179	27
2238	-47
-847	2509
1218	-53
-998	567
401	-68
2109	2640
639	2525
825	-1398
1789	428
-698	-377
2315	-663
1577	2575
-902	2460
-846	656
-217	1519
2381	-1047
-836	-439
-1043	1061
1883	-1397
-730	842
1286	1373
600	-686
288	-322
1650	820
-430	-1200
639	1519
2275	176
611	2658
-166	1529
289	-613
-1026	1977
847	25
-1215	1923
2042	2760
1417	-906
1549	-439
-136	-630
-731	1421
2278	996
659	-936
-130	558
45	1723
1550	1562
2261	2347
744	-1178
-919	2343
709	33
987	639
2300	-504
1177	-206
134	393
184	2112
-198	-193
2260	2599
1403	137
-197	2468
391	2322
-1170	1820
-1210	410
-301	1381
423	-1246
1493	-587
-1248	-159
-22	640
2238	-768
-1285	-938
1026	428
1030	701
-727	-1076
293	429
-741	1706
-821	2697
-588	785
981	2461
2279	872
500	-1381
920	-1106
-1201	1
2342	2158
2107	-890
1007	-1258
251	792
2227	2589
-368	882
2794	308
-3	-1143
-1359	2502
843	2787
732	-937
-315	1968
-1135	2359
-255	2633
1142	874
-642	-362
2211	-833
890	805
1916	1683
2255	2528
240	1547
-809	-1387
-162	2387
-378	854
546	1845
1214	854
2787	-647
2003	1920
-564	331
2408	134
791	2642
140	341
1715	938
36	241
2359	-1049
816	367
353	-1240
2713	817
-689	-580
812	2405
147	422
1675	46
667	306
2001	-845
-143	1060
1804	-692
2797	-622
322	497
2738	870
-1073	-937
-452	362
1790	1448
1666	2486
1372	1843
41	-521
-1386	1474
-170	2718
624	1137
2069	1255
2561	2371
131	946
-1335	1774
2549	-454
-1361	2779
-455	2318
1694	-390
1703	-130
2613	1721
2548	637
116	940
275	-907
-1006	2289
2301	45
-1160	2467
318	324
957	2731
-366	-1306
-360	642
1622	-695
-235	1666
-736	2510
2104	763
-581	1314
1149	690
79	580
716	-1385
1390	2510
2559	-435
1633	-2
2692	-1181
2114	117
-415	2403
2752	2715
-1279	2615
-688	50
-579	-149
-102	2546
1950	2718
-920	-1374
1271	-810
-802	780
999	-79
-47	20
953	415
-1081	541
-1169	-455
2167	1798
2288	-708
2452	2249
2142	1242
97	1419
2727	2220
408	1556
649	-1062
755	-305
-715	-580
1909	-296
-989	2515
703	363
-117	708
1562	2140
-292	1004
2305	-287
745	2012
-593	2494
2345	-357
1808	-1133
2024	483
-593	-1363
-375	-114
1113	2205
2026	-74
67	780
-1232	183
-849	-753
539	2305
1794	-838
-1168	-437
1539	1691
450	139
302	-362
2391	-181
1419	1781
400	-787
-1260	2608
-863	709
2575	-1213
886	885
278	186
-1090	-872
2453	-988
218	1600
-580	1509
2758	-728
1750	2040
-957	2609
1861	-768
82	2255
-1123	1977
1864	2428
1920	1422
1791	632
1853	-1237
-1342	995
-574	1268
419	2463
-406	1748
1577	503
495	-161
275	72
431	417
-694	-50
-1051	1985
-1128	706
1808	1818
-650	1668
-1101	508
-72	-366
2597	-515
-912	621
1005	924
1552	2167
-910	-107
11	1665
-918	1900
-754	-1343
1613	2755
899	1135
1641	-191
2488	-635
739	210
101	-210
1807	449
-1227	1808
-582	1512
942	1344
-1175	1774
-1221	-1371
494	138
-659	1546
2035	-693
-474	426
-248	2752
1468	-719
2603	586
1776	201
709	1616
352	-891
-335	1141
2690	407
-835	2330
220	1904
-829	307
-1394	-849
-162	1519
-1305	-414
1751	395
26	-507
2667	-844
-256	904
-658	2119
-333	2356
2090	988
2286	430
1036	2266
-843	-882
1694	24
1017	2065
-1323	465
958	-132
1018	1695
2063	1854
-99	-891
-13	1071
2613	1835
476	-550
189	-762
1956	1172
324	2645
-422	-1068
-580	2427
2333	296
-99	2078
826	-256
-301	2337
764	1241
1931	1600
370	532
1270	2672
2326	2574
1125	-1347
2205	2456
1838	534
315	-821
145	80
101	-15
-347	2744
780	1219
-241	1452
2467	2113
-289	2767
90	2761
568	2105
2140	-659
1517	-44
188	2718
1193	714
-276	1425
-340	2343
1928	-1008
12	-1342
334	991
-967	1901
696	2005
1777	402
-494	-1252
405	-1038
441	-1120
1813	2041
1570	1681
9	2529
333	-811
1915	2094
-1200	2102
-1151	594
2297	590
486	1134
-382	-294
-732	1883
1489	1098
1907	2591
1259	2304
-593	-686
-400	970
1380	-823
-17	272
1112	1495
2425	-545
749	943
-886	-232
-1399	2381
2121	1494
581	-80
-59	439
1898	1640
864	-466
-585	-594
2116	-514
499	2312
2090	1540
-503	454
-1036	319
-17	-815
1259	-423
1791	687
1626	921
1311	-1386
839	1982
1424	-210
-315	-729
2182	-92
99	851
-391	667
-755	1714
599	921
251	259
2238	2343
673	-866
187	-1302
2228	-874
-535	2588
-1171	-768
-454	282
86	912
-1336	1366
1877	2483
738	2568
988	-1294
2584	1404
1813	71
518	-61
-460	2286
-383	2525
-264	56
-991	2157
1841	738
1207	2779
-1296	-1088
889	2752
438	-156
925	-315
2470	-238
623	-1264
829	1552
2721	2088
2473	-178
1478	2036
1654	914
1901	370
2059	-174
2461	1441
2218	221
2357	588
-1210	1600
-1382	2168
1890	670
1653	778
2117	744
2760	466
1869	-1343
-1042	825
-1376	1449
-51	1371
1063	-1103
1651	-168
2589	1340
2109	659
960	929
-847	1145
-618	2535
-1268	2776
2083	1859
2265	162
2075	1986
983	2199
-263	-968
655	381
-1200	1909
-975	539
-30	-1315
2252	1191
1048	388
-1196	-1305
-723	1392
1856	-26
2232	675
-739	168
1882	1407
1154	2128
1787	-1371
-473	1524
2278	1950
-506	1171
1035	-986
326	2109
-1107	2304
379	1724
1192	868
221	-768
2052	-490
-671	-597
-14	1829
-483	1733
2273	115
1139	-85
-143	1706
-1127	2629
1477	273
-262	2533
-270	2475
-55	1933
2141	-1331
-214	2720
-1010	-442
2154	-215
-1353	100
202	473
-37	609
651	1898
653	617
425	-325
-963	2727
83	362
1880	-403
2727	-808
1496	2474
-1205	97
-505	2243
63	470
1969	-978
742	2440
-460	-263
-1057	-363
-158	1681
-240	1586
2199	-632
-847	-559
-899	-1071
-626	-1299
-221	937
-1266	-456
644	-183
1927	-1132
1048	779
1824	749
916	871
578	-459
975	-476
1136	-318
-258	942
2518	431
-130	611
1410	-974
2567	2751
-1006	2084
394	2084
-75	1820
-772	1397
-123	185
2216	-383
265	-676
1443	-79
1434	1296
2193	-558
-337	2174
1876	-772
-702	-1174
1180	-659
1534	2271
2190	2667
-169	445
-560	231
286	1490
1978	-48
805	1420
-555	-1276
-1034	2247
-257	2151
2258	-912
-1278	-313
2551	256
201	1366
-1092	785
1850	2067
720	2566
-1214	473
824	1953
1395	-613
-1160	2597
-89	1747
-1255	-585
573	-205
-1227	258
200	-1218
138	-178
1864	857
2328	-739
699	1625
-530	-1104
2040	-947
-524	-983
-688	-584
965	-190
865	2423
1959	2100
2307	1498
1320	-491
2588	724
2496	271
390	1246
1207	-165
1287	1512
-877	2253
-900	1852
206	2299
-1171	-497
1425	753
-1277	1845
923	2219
1600	-1329
2657	623
293	1467
2633	-399
2298	392
-367	816
1140	-1164
1911	-933
-913	1023
1860	1375
2061	72
901	802
1096	116
-511	1433
-15	-470
807	1324
1532	1116
2023	947
-808	-116
-505	468
-342	2239
872	-132
607	-390
478	-422
903	1070
2502	-725
2599	1113
2258	-242
-1178	712
-1235	933
2151	1370
1341	2789
1385	1499
266	165
744	701
-1236	2218
2567	646
-599	-1237
-237	-496
1556	-759
673	688
-1236	275
1062	415
-1305	2041
796	832
-1279	1059
1827	450
1101	1581
2351	1465
1519	2771
2588	3
-15	1764
125	2201
2782	-611
854	1593
1155	1279
2537	-885
2257	1731
-1362	2620
108	1737
369	-977
-1023	2034
2651	133
1442	74
2329	2007
-538	856
636	2347
1508	-1165
513	-367
-1309	1348
671	1733
2743	2165
2466	-1056
123	1469
-1041	2457
471	-271
-733	-1048
490	1502
1943	2174
1486	-1294
1810	-307
-1391	-1337
1660	-1017
-420	2511
-1098	2429
1455	-327
-651	811
-236	-911
1950	124
2107	-789
-36	-1069
-289	-1262
924	609
-1365	-304
2631	-1124
1673	2050
2445	-583
-260	412
-1164	887
1656	1553
1629	-1073
2079	686
-343	-71
2683	1849
-249	1288
-574	914
-1155	-644
-355	-698
-82	1527
1996	2525
1382	2460
1058	-632
1274	835
2215	873
-1012	1449
986	2371
1726	155
-833	-75
-369	943
-199	433
1729	968
1160	698
-886	-990
-611	1601
-736	-529
409	-1223
-1141	400
2198	1893
1834	-1301
677	-1042
-1396	2638
-1153	2737
-548	1669
2635	-220
-1229	-602
-1142	613
-271	-226
-66	1249
1234	1530
923	-380
867	2753
2491	1542
-233	2030
1655	-597
-1244	2306
-328	-1014
-23	-263
-358	1248
922	-171
-1226	1368
-1136	749
-190	918
1060	2136
-148	2600
-753	2426
1286	-1319
-597	-499
2075	1430
249	2048
88	-1265
2432	-398
46	912
-1168	-1145
-259	2439
2510	-1186
-1207	2344
831	863
-1115	-946
1495	1098
411	-771
-768	781
-449	958
1567	1631
-701	1822
1464	-103
-1033	2379
-414	213
-282	1544
1353	2275
-34	2393
1959	-649
1303	2376
-1075	1473
2296	1259
-432	13
1321	52
2778	-1101
-382	-978
1263	-1014
1973	1488
2094	-1161
2795	1465
-128	2739
622	2727
955	1488
-1178	-625
490	1034
2289	-855
1825	-1101
2308	123
-287	1811
1398	2436
610	2018
714	-242
596	-1056
1493	-699
668	-1266
-1331	834
-432	-877
1370	2672
-337	1908
-15	271
2411	-1048
-594	926
2305	70
964	1408
1935	-35
473	1985
-1192	-205
126	-109
-1341	-930
-1126	1968
-421	-713
47	2142
-329	1566
2151	798
-384	-212
1582	181
1216	1907
186	-214
1665	1846
1843	-424
-488	459
1170	2761
-974	1349
-635	1684
-952	1064
1355	2091
-532	2452
373	781
2002	-277
2292	-966
1010	-915
1454	-207
2690	-336
765	2132
-510	365
-315	-756
-442	1466
2687	-748
2634	1406
92	-1075
-785	1110
2447	318
1231	2319
825	1172
1920	-1293
2025	1757
875	-319
-1378	163
399	2769
-645	-1201
-925	50
1608	341
-1238	1473
43	-304
2454	2463
-427	2663
2179	-691
1229	2647
1473	-889
-1205	848
-749	1115
1268	-269
1902	-24
1632	-875
1643	407
270	-959
1735	1265
2570	-163
-219	-300
1562	960
1007	-108
2681	2114
998	229
-1226	1547
1711	2082
1893	-312
-93	-1336
-622	428
25	393
1808	404
-233	-9
-1286	512
30	2417
42	49
-636	30
1988	-359
2569	-1122
-1071	705
2765	-524
2040	-455
1973	2492
833	661
224	26
642	-157
173	-174
2345	2666
-518	-652
1208	2139
937	-1228
2223	2399
636	913
795	-1273
-1012	1615
398	1063
-1258	-1321
1067	-714
731	210
-500	1419
-524	-1223
-675	2577
177	1042
1993	-795
788	286
2118	1266
167	2067
1144	-196
2490	1887
317	195
-402	-368
1920	844
1638	872
10	2697
2319	145
-193	-190
-474	1476
2656	2072
-402	-1248
-1197	566
-193	303
-881	1001
752	2752
-623	-1264
2689	-104
468	1371
2257	1975
1708	2488
-573	1926
-347	1297
-1110	-274
-119	2630
543	1307
-152	958
-288	1389
426	1931
-1184	-605
1462	849
418	-85
2737	-577
-1127	2274
1270	-1094
-1206	1128
1289	-1261
-1227	2290
-1302	-431
1851	1973
-222	1447
-1107	-737
2049	1567
-707	-62
-1199	-1129
-1216	-1013
-1174	-475
1032	1369
1711	680
355	236
1086	-506
2632	-569
-1258	-1029
302	-802
-201	988
1582	-1179
-192	-1077
2097	1042
1626	2596
2632	-240
2711	2323
1536	-1387
-125	-1342
2625	2515
192	105
1911	-534
1828	-813
-1124	1619
-454	-699
1102	663
1652	-1146
1667	-707
2434	2559
-1084	557
2763	2453
2392	2795
-1125	-1273
108	489
5	537
1025	1337
1737	1966
2280	921
1117	1985
-317	505
1374	1090
2056	2403
-291	2391
502	180
2251	2264
1870	1939
1981	1794
-1236	-1155
-839	59
124	-567
-426	76
-61	-1036
112	2145
435	2172
-1304	-367
1267	235
-375	2796
2790	17
-1169	1717
1127	2531
1095	1135
1850	-110
-706	2574
1538	2346
34	101
1540	2014
2039	2246
998	2167
465	1493
2728	86
594	2383
1570	2015
1772	1805
1081	479
-1149	850
-893	276
2341	2310
776	20
926	-258
134	493
-1232	2540
-194	1734
1286	2737
2313	2101
456	1448
505	1018
564	101
838	270
-692	894
1994	2719
-1069	2456
2778	1991
1288	2255
1387	854
152	-1209
1694	2089
2142	-930
2670	-845
-822	-1303
836	688
470	2036
-46	2039
-1394	1076
1697	1167
-874	-87
44	2180
753	414
662	2281
-1388	34
2367	1761
-269	1028
-1393	1093
-556	-1030
519	2713
1235	-886
-723	1953
-236	-710
361	2584
320	2282
1648	-955
-1374	895
-715	-1161
1421	2172
229	2649
2199	744
2787	18
353	820
2446	1263
1890	-224
2011	2231
1279	-1304
341	-258
816	-976
1562	-165
1836	2044
2561	1000
2753	559
-1349	575
2541	2146
1280	208
-1049	-502
-981	645
1343	-54
704	248
794	324
-101	1026
-585	179
-478	1884
176	-712
-963	1223
2561	-1147
757	-520
482	1753
1502	2459
240	2189
-942	-168
1366	-1094
1906	-1045
1717	1096
-1315	1714
356	740
-1116	-1276
1648	22
-296	-851
2544	589
-347	-261
1032	254
-1239	593
-475	996
1553	2306
1869	1245
1184	754
2315	2447
-1387	-693
597	-91
-1047	-185
2115	379
1351	-580
2407	-120
2715	971
1290	138
1766	2429
1735	198
-443	2618
-1369	413
426	1969
679	629
604	567
-498	1377
2523	1433
-664	2465
734	2618
-939	2036
1402	-1113
-661	372
528	779
2648	2213
1442	1025
136	1015
1859	-192
821	389
448	-535
1168	1668
2451	-588
-388	1732
-819	1983
2591	2572
594	5
2394	-487
-779	314
253	797
-130	-270
-170	506
2206	-1106
1759	734
2184	185
2260	1016
-253	1530
1092	1095
-221	319
992	235
913	1292
-871	-157
2544	297
-535	138
1947	790
-1261	1351
1172	-678
1315	570
2023	1262
-1265	-1117
551	1208
1081	1288
1365	1907
591	2600
2159	1226
-1154	833
1850	1827
-1277	1501
-738	2248
442	1387
243	2424
-312	2194
-1385	1169
-17	-1352
1081	936
409	1134
-893	206
84	-110
1288	2279
1721	2542
-1243	-878
-1324	1283
-369	200
232	68
-799	703
2567	-201
248	-647
-44	1521
2324	-708
572	1425
2751	2798
112	-413
1370	-189
472	-188
-460	2769
-45	987
-466	466
2553	1961
788	1918
2132	2555
-668	1985
1552	-20
214	-722
571	2772
-675	-397
1201	2160
-1178	602
509	42
847	2778
-1352	1815
-1081	2603
-660	969
-1365	-908
-1227	462
209	2172
-651	-678
1992	353
1902	2579
1846	-96
-813	-673
1258	2601
2063	891
1677	-309
2712	-960
1575	-358
2169	-196
1457	2140
1193	-53
2134	-1229
-859	-1275
2185	-748
1934	2617
804	281
1851	-674
-1180	-921
126	2719
-525	-972
2608	2213
1735	-973
1447	756
456	-626
1174	418
741	2342
2008	2383
2741	-1326
1807	-31
-1308	2174
2182	2234
133	2638
361	-770
540	2641
1623	-1045
263	-65
-233	871
1477	145
1238	-1221
-417	340
-637	2144
1195	60
1476	268
-1003	1729
1716	1972
883	818
883	1019
1197	-1339
315	1252
2495	1237
1106	1749
455	-649
144	2682
1038	1175
-1341	778
-1283	871
117	-210
-976	2263
2247	579
1487	1138
709	-1224
2329	-1268
1628	2133
-27	2394
1446	26
199	1222
2689	822
1941	1240
-151	2706
2713	44
700	2663
-1009	1694
624	2556
723	1820
1435	1587
-862	-942
-1040	932
2331	228
1859	-661
-399	2003
-295	-372
2439	1874
824	2773
48	801
2332	2660
635	1379
1389	1556
1706	2174
-1246	2456
-814	838
2360	-1241
1551	2420
-933	191
-362	-862
-1066	1710
2117	-373
1098	382
403	1059
1490	1738
2797	1763
247	2024
2403	-592
1051	1865
1100	-1359
-558	-882
130	686
2466	-1146
898	522
2455	-983
991	1623
-1056	2702
1424	-121
2233	1062
924	511
-947	408
1961	232
1188	2322
2161	-163
-1314	2300
-1390	273
-274	690
2565	-109
-433	2109
943	-710
-1218	2122
1749	-120
-694	2609
2144	1565
-320	2145
-285	1369
1697	2427
-699	213
-1311	-1197
2108	2306
2527	1307
2759	1490
261	1315
2307	-174
2558	343
2217	129
802	1857
360	-243
1795	1133
1737	1622
1362	-1243
1687	19
189	1430
2731	1142
-205	1698
1172	220
-1183	1615
256	2284
-780	1406
793	203
2406	2371
-59	-147
110	-835
-56	-409
-1106	-713
1234	-197
1573	706
-75	319
1970	2774
1569	1338
660	454
-9	-678
-331	2137
-867	1345
210	1761
-60	1226
1442	1618
2122	1860
1671	-1270
2168	1841
-923	-411
963	-2
1061	729
67	1886
1748	-323
-869	2170
1589	-893
-1237	1059
-208	1129
459	1364
-437	316
177	306
1793	2176
1997	220
-622	-27
1003	2599
1140	-670
1882	-390
1622	-818
1799	438
-784	-689
2036	512
422	-140
-406	-1036
2490	2454
-683	1320
1861	609
1767	-244
1957	2050
1338	1718
2663	-1388
-676	886
1578	-493
983	-1028
2698	43
-1090	-458
1671	-288
-639	-1145
2042	539
87	2317
2349	-1293
1502	2569
1081	-19
-1143	1941
1960	-353
323	-290
537	-1283
-996	-926
156	2160
921	-350
1390	954
-686	-691
882	1413
2279	838
-222	875
899	-398
1296	1356
-548	-613
-549	-1361
-1028	1423
-820	668
2055	716
2415	2345
2695	1546
2705	1881
-167	-1102
2242	2404
2412	1464
-462	231
712	1439
1104	-824
1877	-459
553	1400
2194	-885
-1106	529
2125	1260
-473	1995
864	575
147	2198
-932	-1155
1742	1306
-1139	780
-1183	1093
-586	2667
-100	-1258
122	2620
-184	-1305
1409	2620
335	1782
-1315	817
2700	152
-1140	-840
-661	1241
-1226	2624
264	2593
-69	-388
476	9
1661	2256
492	1769
2235	2064
-91	-38
1763	-856
167	531
1504	2640
-933	-336
1723	2141
-107	2598
1369	1858
117	708
808	68
1228	-696
608	-826
-1135	-591
-1133	20
2659	471
1049	1659
-354	-19
-374	-746
1359	-1288
-956	-810
1937	919
-786	-104
1702	629
-557	-179
994	1480
471	669
1139	-247
941	-756
671	-1130
508	-441
298	128
1860	-878
1366	2351
452	2750
-1042	2044
-841	582
123	2647
-956	-786
1905	737
-392	253
1498	571
298	-867
550	-182
2035	-59
-767	1312
2361	1498
1061	2306
1935	-2
-802	418
1376	-229
-1185	191
2128	153
-216	-937
