4000
-857	-1156
819	68
488	1153
42	427
-140	1171
1041	370
-822	-55
1351	-239
-83	-520
-39	152
-568	178
-212	-374
537	-1025
-213	-675
-946	-487
-1019	302
-201	-744
255	21
-602	-320
1163	35
277	852
580	430
-117	-288
1376	1224
180	-597
640	-780
452	855
-186	-1142
-1000	190
610	-1139
371	-752
552	1374
131	1393
-1061	-228
-105	-1015
306	-344
-345	187
872	501
453	307
677	-444
-261	-1106
-1073	893
-1108	607
-375	-1015
-1031	77
-26	-575
1374	-613
-830	-262
-422	-845
215	270
1077	372
-345	248
1013	-1177
155	-1151
-1007	-701
-872	-477
-309	107
1023	-960
1341	130
-688	277
-930	168
6	-694
-1120	1358
-854	-305
-901	-42
897	-118
495	90
-1062	-247
952	-883
303	619
310	1281
50	-127
1277	309
-992	932
-871	299
63	-1197
1349	-229
817	1240
-1029	664
749	-420
1382	752
588	317
-278	-544
620	-116
-243	-984
200	-948
335	574
-1146	1054
-1126	-1004
-235	-1112
176	-764
-72	-84
-1146	1019
672	246
1156	-544
-637	-368
143	-631
-553	1179
-367	-39
-1158	301
-872	1311
938	14
-3	-855
1071	253
-753	187
-389	-56
1311	93
-978	-151
-538	421
1339	1232
-329	79
-1141	1053
802	-1115
-733	-676
253	56
1015	-280
1351	973
-6	1205
-227	830
-111	544
-1031	-546
-242	-541
-457	-765
780	876
-818	-1129
390	812
1029	-484
885	-313
-942	-325
-28	463
-1155	-971
509	1051
641	694
1062	102
317	968
756	-773
42	607
-673	-425
579	-704
-246	724
-39	-34
630	-1012
-1086	-451
-852	-889
-271	1149
-105	-28
1262	285
767	1296
292	-918
260	-410
-369	498
253	-41
995	-976
986	474
404	401
695	-328
-1151	-866
-671	415
-1128	1350
1014	-648
407	1372
1343	363
-45	86
-885	-492
636	-1188
-139	474
-1119	-798
-764	1196
425	1054
-984	-232
1263	-390
-891	1301
-691	-33
463	-1023
-143	101
-389	711
662	411
65	1134
-627	-180
-1102	-212
-1020	1386
-805	-414
1076	1302
230	-264
684	-732
-635	179
202	617
955	-1039
-729	-95
1044	263
578	513
125	-632
-910	285
-211	-991
-357	35
-847	-31
688	1189
547	213
-294	1028
1345	867
-162	270
50	276
256	828
-52	158
-741	1142
-335	249
-543	219
1357	329
1375	882
332	-1180
430	271
1283	253
-764	747
669	-68
285	-631
1349	326
-303	-386
369	41
-1077	-606
-624	-990
-1028	1393
-517	91
-1091	99
-938	905
-302	1017
1320	-1178
-1035	618
-1000	908
-70	-964
-1120	-372
-1053	977
646	-441
-121	1047
503	-686
659	886
-707	237
-659	942
-934	91
219	1095
-462	997
-662	40
538	255
968	-910
272	478
450	-1155
-1012	-607
1035	-131
1131	832
678	1312
483	986
-659	1052
1309	520
365	625
154	-1034
-708	316
-439	6
913	349
-771	722
1163	-476
-58	-1166
835	-124
-66	105
-353	-563
-1180	77
660	-1045
-816	140
962	-583
813	-948
-1110	-847
-584	1138
391	-97
1371	1322
-617	581
-1085	431
755	1217
-578	-1033
1356	147
830	884
617	640
412	701
1251	-842
-775	943
-474	-1046
-214	831
-892	401
-263	-184
240	-623
820	254
-996	-1070
708	-681
-317	-937
320	-48
738	250
1029	1255
-394	-560
59	-1080
418	946
-512	-377
467	1280
1345	-450
-1051	-193
-12	424
-846	-388
-453	1386
903	103
-826	-1096
-293	-758
967	515
185	816
-940	966
1315	1120
49	-341
-1029	478
1084	-730
-272	-925
1351	-1139
1284	-918
-247	674
-536	1235
-935	-918
1010	1173
787	777
1132	1365
642	-228
855	852
1321	1008
-241	-510
-209	159
-500	1073
1308	1218
-1005	1142
-944	977
1056	850
324	-466
936	-681
-63	-911
426	-640
921	-501
893	-530
-102	966
-757	-919
1024	-118
334	-700
164	-250
695	556
-921	-3
981	-268
-328	-1180
219	1381
-673	-571
-374	833
-752	1285
600	204
845	-598
1317	1398
253	-90
-725	1070
301	9
-496	1380
-826	1349
-956	375
-416	-138
-306	292
1204	981
-159	144
-1133	-157
1043	-1062
452	-799
803	149
-417	605
1228	-284
-443	915
1358	564
1023	-953
-876	1173
-281	-1153
805	-440
1195	649
572	-489
-240	-202
-741	115
775	724
-1188	48
-414	-103
792	1175
373	-93
31	-34
-209	476
453	-1143
-1039	88
-454	461
-822	-827
771	324
-283	907
47	-346
-1016	-1152
1252	-1190
116	380
-643	33
-971	724
1063	-299
-774	250
-595	-349
1064	744
1095	755
156	-630
-1098	-841
205	-428
191	80
907	649
1059	776
-1143	697
213	-484
535	234
852	321
-168	990
983	80
74	258
-511	-1059
230	-955
462	1313
-355	711
532	-1178
-314	653
-778	-267
690	-937
-179	1359
1305	693
-127	-1046
-1114	-1046
222	1167
668	-258
471	217
-210	-746
-70	554
-1037	441
51	-1146
1259	1148
1079	-732
-574	-813
1043	69
-863	-1120
-1059	626
128	102
-635	192
1045	-908
-823	-497
1345	-1143
-1156	284
109	-610
-358	599
-104	-697
567	808
-183	-1084
-400	-566
967	-479
235	506
-1070	-1024
1088	117
73	1376
1356	691
-71	-139
-459	390
-1075	-963
1199	-385
1026	889
-261	-826
-966	-415
-33	313
-177	1187
-1058	-290
-801	-452
717	-645
844	550
-1074	85
44	188
419	1390
-149	-1081
-341	-211
-1197	544
-946	581
964	696
1133	-898
-548	-881
-920	657
-1162	1237
310	768
-41	308
-223	94
478	734
264	-1045
1189	-322
-727	682
-796	-201
-1096	753
-765	-898
314	930
-115	-1188
704	-511
1095	-60
874	1223
-655	-669
-148	-974
85	-5
-394	-866
919	-1059
1308	-152
216	-726
-392	-971
-532	-786
823	1020
105	1234
-554	749
817	910
128	-679
-1152	359
-1088	172
911	1299
-1126	324
-777	0
-733	1058
-475	92
-380	-696
-844	1351
-950	759
364	424
-740	331
-455	-767
921	1154
670	-1089
389	421
137	782
-877	-622
189	1181
639	278
-1047	-752
-887	312
-1007	-501
338	-184
642	211
-757	-154
430	-253
1061	911
-361	265
415	-312
453	-314
1173	-235
59	989
695	-208
-848	-350
668	573
-491	-963
-915	731
-337	695
586	662
-1093	717
-1088	-686
758	227
557	1111
898	1288
-257	-932
-1072	-465
-684	-52
-1102	-231
1311	1006
-651	493
-1032	-618
-237	285
1073	122
788	-657
-601	1124
317	-338
47	249
-188	719
-394	1041
-1164	6
535	-1178
-218	502
-101	1277
1033	264
-208	-154
935	-274
-350	-253
767	-431
-128	1077
-887	1394
821	574
-499	-242
1027	-1173
-1030	14
-685	834
-967	-1
-834	838
1222	-858
-934	925
-569	282
1060	70
-997	-712
-1077	-165
1168	386
1022	146
-1073	-564
-752	136
421	-338
80	-1135
423	884
875	-681
1261	-871
1151	-797
-671	952
126	1071
784	363
-592	564
970	-266
355	1227
-1096	963
653	-484
-764	-90
-718	-418
672	323
791	575
-1070	1087
-225	-996
678	-851
215	-1141
-312	923
1319	-662
-295	-528
728	267
424	-1118
652	-835
-646	-422
-1060	469
109	1254
-1148	644
1013	1198
852	-995
-36	-749
-536	-523
-444	1194
967	-464
852	-506
-648	864
50	266
-1196	-1060
-83	704
-590	-931
-474	-317
-207	-110
45	288
909	1349
-631	-940
1307	-598
396	-387
-986	594
339	724
-598	-54
677	824
425	470
-14	313
-717	69
910	-499
-190	319
886	-104
-756	164
1341	772
-888	872
-1180	593
-11	-733
204	641
641	332
-896	1066
-65	-131
-281	-742
-784	1073
-449	1108
-1191	1115
-754	1090
303	-1089
-138	417
484	-1179
925	169
-468	971
201	-273
-851	1352
273	-900
-426	1366
-943	569
-1011	-333
-649	441
-323	-213
-73	-1003
786	-274
-647	841
1239	1232
1099	-206
-1058	1110
-979	-879
647	1255
-501	-17
688	-789
-1117	-573
-986	384
-748	-672
151	-74
-87	205
374	1377
566	-964
1227	476
-627	-876
1240	-666
721	1230
989	-634
-429	93
-888	-1062
72	1047
-740	-342
-922	250
1082	-375
-727	241
-468	-79
-451	1223
1224	-82
-922	889
-1141	-299
1339	754
758	1382
1377	697
1347	223
-988	-620
1167	75
58	-104
-683	1367
-1112	-15
-254	1197
1238	924
76	-189
440	-108
-719	735
-547	302
-220	1022
32	-311
-6	512
-224	669
1033	1386
-851	-1189
-688	4
-597	707
701	-51
-44	-345
17	790
858	1131
1384	584
-311	-300
735	-333
795	-72
-716	665
254	1303
1143	-157
-398	689
757	-1158
-159	-441
22	212
1091	-499
262	1325
-210	-952
386	-1110
-509	849
-798	-1136
159	-95
186	152
281	651
851	152
783	-261
-252	948
-161	189
-292	-311
-310	-589
-869	-764
-251	-230
935	301
-85	282
-142	-770
-1174	575
-494	-317
-378	-856
-187	-1064
-65	-328
140	1341
-26	-419
1062	1231
-1195	733
739	-1035
155	571
717	-382
-439	62
-826	-683
-1013	-911
112	-287
988	-612
905	1262
177	-846
-42	-1047
289	856
-348	1166
46	1152
1017	237
224	-416
-526	-459
988	930
-706	-244
653	675
229	253
700	1287
-143	662
564	-989
-591	-1124
-23	384
1355	311
342	873
-1103	513
365	439
-776	-251
-925	-397
1288	1245
1072	1243
452	733
1086	1034
-686	-1161
1156	485
-290	299
-177	454
1391	1377
1328	-126
629	-984
193	472
35	-973
1205	-137
-348	921
490	1103
718	885
-316	226
-175	967
1253	-641
-516	-677
62	-1124
117	729
1394	-44
-389	633
499	803
989	728
39	-8
76	-282
-1045	1357
-924	1073
595	-91
-785	-717
-37	-499
-286	432
722	755
317	781
-334	61
-180	1093
76	952
-962	160
38	1282
433	1022
-158	336
-547	-531
-1176	424
855	192
-856	1081
-1072	4
1325	861
-794	-546
-107	-402
-523	753
663	-1097
982	-1105
-1107	1396
-595	674
-798	1095
1345	-1138
-635	1392
1066	-994
1300	-558
364	111
971	366
-585	-540
1124	-174
-631	449
-473	814
-250	897
823	1337
-751	-827
-258	953
144	734
-585	165
-400	1153
-79	951
829	641
80	754
84	1081
124	-967
-906	1341
-361	928
303	886
870	855
-1175	923
58	553
-778	458
-880	-319
-1054	-984
-417	876
-7	-52
-416	-55
1041	1385
224	-414
-155	-402
1274	-190
310	-579
242	21
-332	1065
-567	-540
-10	514
881	451
1121	-323
-480	343
172	-163
-393	1026
465	-744
-999	-1026
-178	-997
-900	341
478	577
-525	-235
1127	1237
-188	-768
392	-576
-1137	147
-671	-633
325	-1090
1275	-121
-1082	1232
-852	115
-183	-726
1179	572
1321	-1185
180	-1009
-651	1361
309	-1163
836	-211
-842	-486
1165	181
91	-584
225	992
936	420
1280	1170
375	-439
-365	858
-408	1193
-1113	-366
1395	-415
-892	-1197
403	-1140
-1157	14
458	732
200	-79
-98	719
-1023	461
-923	-1178
-647	420
133	909
409	-305
737	604
-1176	237
-207	139
1059	-680
-75	-127
-786	-134
866	-1023
-73	366
-819	548
-41	-671
-897	1356
751	-509
-547	-712
18	276
1302	747
842	1259
-569	-769
-1026	729
1389	19
398	-1172
1355	-813
228	149
552	-755
-143	394
-1055	1056
-982	82
-102	1083
1332	167
422	-832
-865	446
-372	794
-947	-250
481	-152
-1169	98
1282	933
-1033	604
487	275
1226	1359
-455	-715
1206	776
-880	-732
-595	1076
-94	1169
245	414
-78	759
586	90
723	294
383	-420
908	345
737	622
233	-664
-304	979
406	1341
-1036	-902
-434	910
-498	-322
160	1323
977	1035
70	-1192
1358	1162
109	-1028
872	936
-4	265
1158	164
167	-756
-922	-404
412	-23
-961	478
416	-453
623	-1073
-267	389
-129	548
154	726
-751	-278
-417	-364
-389	-972
687	1187
-404	-174
650	657
-320	1227
1223	762
267	-394
-1009	1392
-948	1213
-514	-431
-961	537
-766	397
1055	668
925	1
-842	-231
191	834
179	219
346	-1161
489	337
365	801
591	510
-392	-403
457	1018
684	-728
1243	-151
1226	318
517	-980
1122	-465
1357	-44
368	446
-527	1096
-593	-850
1076	-827
-1179	1149
-53	-590
455	57
250	716
1170	-754
443	242
791	-110
1181	1144
-51	-84
847	1253
-660	1350
56	-917
-161	240
-42	1105
-126	170
-290	-519
725	29
-1120	-752
-472	98
-457	715
-1103	399
364	-848
1162	-524
1154	-13
-967	477
320	-570
-882	-363
154	1254
964	108
-854	-1061
-294	935
-1175	-186
-829	-1031
1361	989
354	321
435	392
48	388
-902	989
415	8
-663	-1067
-345	-854
64	-618
138	404
1320	-1011
342	-681
884	-248
-1054	1058
768	-648
-1063	870
-417	-408
766	1058
1235	-102
-343	1179
-10	-1158
723	-894
-1	227
875	782
-941	669
-78	610
-700	-405
-1145	-1141
-869	-93
1391	175
836	17
-623	1329
-605	-63
47	-1042
409	901
76	-285
1053	-258
-960	-890
-1102	472
694	-417
1140	1168
-481	1387
334	-1175
1252	449
156	-902
885	653
50	179
-435	-387
1382	3
-181	434
-261	1205
539	-767
308	-707
296	441
105	-1075
-813	166
1021	-87
-640	962
1296	678
-150	-723
681	389
940	-983
812	364
410	-967
752	1320
71	-378
813	-64
1061	516
-716	-962
-1027	428
612	180
-607	1222
873	402
558	-1089
587	162
-889	1368
-198	-471
435	-158
-333	1122
612	468
-579	-337
148	945
-529	1338
-242	364
270	156
-67	-312
-656	-118
-758	698
-610	177
-313	-597
-164	337
-1176	393
308	487
315	611
-80	-631
-12	-33
-1095	1252
-291	-95
1172	-537
1250	-1117
-262	-549
903	962
1303	-43
800	1265
-843	-875
-615	323
-634	-937
364	-801
781	295
1109	702
1256	1327
-421	-288
1211	-865
-566	-1022
-1093	-787
865	695
67	639
1206	557
-101	-907
-674	-365
71	894
750	-397
617	-793
-499	188
331	403
834	275
460	627
-147	1087
231	-867
238	477
690	-820
-220	-526
877	807
-1045	-89
59	-410
1177	-94
943	-1132
-945	1026
65	-219
-145	356
539	-854
-728	-1066
-261	-985
-774	296
231	-1191
-152	512
-489	-1150
-355	235
-216	770
-1074	187
1259	909
623	-619
-357	1209
1249	-528
8	1176
233	822
275	1336
405	426
22	-305
601	-976
-957	-616
-49	233
235	1079
1233	-294
7	1093
1213	535
276	66
-108	-40
-617	1090
-453	-1086
103	509
-168	123
1029	758
1102	460
1292	-39
293	433
618	789
-823	923
-143	463
198	-40
-136	940
-173	195
-349	1166
249	-617
-985	995
396	-1173
844	536
504	121
-746	1284
1394	-1132
-1133	-672
-157	-307
992	220
1153	-88
361	983
-685	-603
-102	-9
750	-1138
749	-557
-993	541
1269	805
76	-132
-249	1182
142	619
-1185	-1116
746	-313
1063	-244
622	6
387	485
716	-350
954	902
-515	357
-762	270
-946	967
875	1152
1301	645
530	-649
1001	1011
-145	-104
80	-594
-961	166
932	203
-685	-920
-910	726
177	-808
747	967
115	159
631	1071
-1018	982
-526	-410
-608	247
-5	697
-291	-1022
332	821
-824	1164
-497	-486
10	134
278	875
-93	-665
-215	-263
60	1146
-325	-198
-13	-656
-1007	-364
-750	-1177
-1145	-1069
243	68
611	886
531	-46
784	634
116	1305
957	-1105
-18	-428
-621	-351
-713	-427
-612	-988
-1162	469
-616	-374
-1182	974
-307	198
-377	-537
1041	1280
630	445
717	-809
647	264
-246	113
1146	-1167
318	1074
256	-156
-77	-314
-535	1375
605	-888
-981	-19
-580	1393
564	396
58	726
147	-966
343	807
-34	48
-357	769
-401	769
293	-992
574	-921
536	-146
1349	249
1370	-859
-500	-247
1224	-650
989	-242
-561	835
807	579
-564	-1063
160	-535
-786	-797
1161	1140
-370	-312
691	-544
-638	921
-1066	728
-442	1238
-221	-672
599	-637
-1050	1146
549	665
-622	-553
779	-103
480	-161
1320	-91
1053	-820
965	-83
788	740
-49	-364
187	1089
501	-274
1185	-128
-237	239
-330	-1027
120	-796
-343	-647
895	119
-514	1393
98	751
1307	-918
-839	-340
373	-597
1003	-237
-643	772
1391	-152
1265	604
998	1265
1087	-297
782	934
-29	373
-118	357
46	-1010
-258	-539
648	-656
1275	-777
100	-55
-699	928
855	949
1102	401
-513	-556
-509	-857
-1140	-128
916	1098
771	608
-317	-726
1145	316
525	-8
1149	667
303	-342
-800	-933
-749	-1173
-544	1276
459	-1134
1153	665
342	959
-411	-389
325	-609
-548	-922
-191	137
594	1330
-43	-914
1135	-529
-475	445
312	-4
-145	950
-935	287
-536	-483
40	-143
1303	-555
-111	-44
-472	-253
711	502
-789	945
-1147	-1049
250	-316
-9	-41
-98	1295
-926	-27
28	-1082
-415	65
-540	735
224	1284
-559	-54
-798	-1046
-1075	165
-862	514
73	-1097
1275	902
24	538
-1156	-779
50	624
175	527
1207	-1143
351	148
335	-1052
-752	170
-671	1204
-1174	193
444	-187
1225	-409
-898	793
-121	883
1361	466
664	-860
-74	-517
-1186	1305
727	-599
-356	-1104
599	778
1012	-911
1113	-890
454	526
-646	-688
-879	1381
1375	-303
26	-691
1367	973
1283	-591
-1116	-448
1125	-185
-147	151
1073	-702
557	440
885	-314
-939	427
260	602
477	932
1325	-16
-984	-775
622	-306
-332	-97
1142	-814
1273	-52
-769	-877
1009	986
-471	-1174
368	893
1000	-425
628	1151
1344	204
1086	22
-1099	1224
-770	-288
1307	1111
883	128
920	519
-873	-326
773	-788
-762	225
971	249
-860	49
275	-268
-655	102
1175	-798
-812	-471
1372	1247
339	1244
-96	-1071
535	1367
-465	-683
-691	-471
1123	1153
492	444
-1016	-1088
15	1372
480	532
871	-225
275	-207
1042	246
-296	-367
767	584
765	-1165
761	-342
540	-921
353	-32
-396	-1062
1155	-1035
545	-808
42	-1029
-459	540
223	-25
424	874
-281	-588
199	-928
8	197
-847	5
1087	1149
-383	1281
1051	-1147
687	-318
-820	144
-86	-783
797	224
1292	304
107	1050
62	-548
245	558
188	-135
-93	-287
-182	1219
-82	1154
1098	-395
-80	-112
873	-903
87	110
1152	140
-204	1009
1251	-939
-902	-178
204	224
-1029	387
1243	-1127
-563	347
1333	55
1218	1189
-927	1302
1026	-258
-99	-1075
-763	177
1374	-709
-91	1189
1394	-887
964	732
-737	507
1320	627
-33	418
70	1197
-749	1286
313	-335
1105	-91
-953	-552
-272	756
-616	789
-700	742
-567	-580
907	-801
1047	321
-1090	105
1133	1038
-548	-126
-106	1248
770	1051
-399	-570
-433	-118
-1150	-810
319	-450
1233	-595
931	-732
-377	290
1386	-357
435	-70
107	-777
1175	985
572	598
1265	-81
-1037	1143
949	885
-1183	1260
-588	961
510	-909
360	-231
-684	-263
-489	1196
-946	589
-802	-229
806	1190
1278	-1099
555	474
-570	1152
-133	470
-626	267
-422	-666
-715	1171
36	1338
1071	-136
161	1186
-814	548
434	1387
1321	131
558	714
-460	-980
-1078	-410
-410	733
-839	1017
282	-570
-720	-1059
-671	-394
985	893
19	-455
864	930
-917	1000
-529	339
-176	1071
-141	1213
-898	78
518	-1159
-90	-655
-259	-1124
-769	427
-32	810
-389	873
-81	1070
-825	-532
532	-1197
-1098	134
88	219
867	120
1218	715
1379	542
537	277
-1112	44
1153	-411
-775	-1031
-54	-690
1074	-112
1287	522
-35	-540
-215	-79
-86	-621
1239	-515
608	962
-648	864
1216	828
1165	-283
1011	527
561	-505
384	635
1186	-463
-837	-914
524	1016
1093	84
1032	-167
781	-1125
70	590
316	518
951	1199
769	-413
-599	69
892	-799
-463	965
-571	1132
-736	-1131
494	-1012
-371	1314
-826	-1036
589	-275
-1024	359
81	-734
799	-735
-360	72
-454	50
-61	980
262	-800
1284	-67
-697	-560
-1153	742
984	255
-202	-1010
295	457
-1003	-771
-1097	-793
-603	-851
1398	-496
-809	305
-898	683
-573	-213
-436	-742
-818	123
777	924
285	19
-1103	111
1162	7
1111	-246
-1001	-409
-449	-335
-913	-855
-466	-34
-1176	564
1220	753
-431	315
-552	1153
617	-1053
919	852
1179	-593
-942	894
247	-1002
-704	1305
536	1072
-339	-60
407	-1084
-695	-174
-527	393
-144	580
-765	1311
-109	-850
953	1185
-328	-718
-990	-643
-967	-1164
-568	-310
-402	474
1181	1386
-840	-693
-371	-1175
-2	-1036
176	-456
-776	-724
-753	-114
790	86
883	-131
688	-1028
29	880
417	-122
567	641
1176	478
275	213
689	789
882	1139
1187	556
626	40
397	269
773	94
577	74
-821	273
573	-1176
-321	652
-878	418
478	888
-47	1235
553	565
1094	285
61	-176
-306	-1191
829	-719
-401	1054
-1006	-409
184	576
201	-1075
964	1198
677	1283
90	991
-880	210
847	1034
1323	1188
854	896
497	-1190
508	540
138	-1026
711	802
-518	-686
518	-10
-682	-10
-954	-343
148	535
1228	169
134	-1177
-120	1011
-626	-1180
-267	663
674	320
491	1002
-858	-911
769	-344
-969	240
134	513
772	-680
-166	1121
-910	-258
-966	1060
710	-635
87	392
-188	1311
-514	46
1338	-461
651	731
1134	-262
253	784
275	-340
189	182
1268	-443
-420	225
-98	720
783	-866
613	549
53	976
228	1312
-1151	537
524	-1038
207	-139
1276	857
-261	910
75	321
948	-650
-1174	1057
478	458
-856	702
329	1071
-1034	-228
-840	938
1063	-827
-593	627
1346	1219
385	-959
-606	294
430	-594
1373	-37
800	1368
-964	939
-448	217
291	-963
83	-188
296	13
-907	464
-8	-280
956	-1083
53	1031
-670	-870
-272	529
343	245
-388	138
-480	-321
632	-1183
292	633
648	-978
623	685
-439	-820
-1047	131
-1013	-1178
-981	544
1223	-1106
-502	505
390	-368
-564	974
79	1249
-1184	114
639	876
678	159
-530	-1119
-382	163
-1150	-902
631	995
1238	-818
239	101
-607	-88
93	854
-58	-3
-179	-853
610	-573
567	-993
1328	-336
-26	-1076
700	688
806	993
487	-911
1352	661
-876	1272
148	127
-914	45
220	-870
1017	316
1240	1089
-413	1359
1210	771
145	-1148
-314	-338
-292	-1080
-1011	-1045
-429	1115
-96	597
1226	-993
206	919
912	703
464	1123
506	106
34	1333
55	-819
220	1139
359	-814
-1110	771
-1113	291
-375	-529
-193	949
470	823
1223	-1139
747	-1016
202	412
1012	1199
732	867
219	832
760	-442
809	718
712	777
-46	802
217	1103
1219	961
1218	-307
-1056	1221
1079	682
-935	834
-768	1387
-565	1035
224	480
-781	-966
310	-211
235	716
822	156
-96	676
-531	1066
-1036	-568
1320	1212
1009	-74
-904	-191
-676	997
986	-659
378	-36
-1018	1141
1099	681
-966	-235
61	832
-1115	-248
430	1170
-833	-502
-381	-204
854	90
-1034	-1075
753	919
598	1318
783	922
-747	773
-1046	-136
-218	-313
-512	-603
-362	413
1012	-532
-633	-1166
688	-59
-278	-894
-1063	624
88	-678
-337	656
669	-1002
1210	-122
1277	-460
211	33
-1015	395
428	1172
-790	-855
-115	1040
1085	-293
-1123	1115
624	1009
1104	951
-1169	-1096
-827	-532
351	-722
-548	-802
277	-747
-809	-151
1217	-342
112	895
-19	823
-964	985
82	1291
451	1352
929	883
-1025	812
382	1212
778	549
870	1080
1190	901
-286	1134
-337	1051
347	-305
29	-66
386	1363
687	805
-1129	-524
-454	237
566	1192
-48	498
555	759
30	-1095
610	1
-967	1220
-780	-463
-1021	1206
171	968
-487	207
-32	172
531	-584
106	-1069
-933	299
-558	-1097
926	-829
-1028	-954
-129	112
-66	1250
503	1146
978	-239
211	-1058
260	1140
1305	-586
-568	101
-280	-1174
1179	-974
-480	-1042
-252	1291
-368	607
762	-311
-1156	848
1056	727
-852	-1190
1216	961
-770	-15
616	839
-884	428
1108	-1043
-445	1304
-79	-193
-738	303
1090	553
-666	-663
-1016	1314
-727	-532
-963	649
-799	685
911	263
-11	812
-707	-765
523	-253
-620	154
160	117
-790	-57
-1115	-469
-585	-626
-194	-241
1233	-740
-755	715
800	241
496	503
-603	-106
1220	-623
-754	826
-1027	194
-122	330
1325	-342
872	896
1273	884
73	1172
88	411
-339	273
-498	808
1386	-111
-1007	-1008
228	1108
560	-837
980	-1083
-624	-142
1119	-700
-1001	-1156
365	484
887	498
-520	-868
-811	-599
-636	1140
78	669
-547	962
932	-325
563	468
1034	669
1179	170
-1062	-954
1126	1224
-991	-859
-1001	462
-233	760
-145	-843
-912	418
-526	194
690	-1188
-756	-428
-509	-981
1318	115
253	-533
-202	361
827	99
822	-778
-225	780
1083	140
-1166	-693
55	-216
-993	320
1075	-311
804	-72
-1072	-332
17	716
1135	201
-1139	-773
-1127	-376
-465	1028
158	1014
29	1195
183	724
-308	560
477	135
-294	-61
369	-592
205	1320
-912	-543
-264	-1182
-1185	996
182	-443
-1061	55
-152	-995
1394	-729
-1132	-815
-908	-995
170	861
-456	-41
-644	-321
1342	1074
178	375
-518	907
1250	-700
1248	-552
1246	-333
87	-127
-361	-591
-131	-1082
-336	603
1208	1314
1382	1205
-978	58
183	388
708	791
-1166	-250
584	-893
-219	447
-899	532
-721	636
-1190	-420
-1141	-1078
1135	206
-143	-47
659	-346
-704	1393
1330	359
-784	-796
-527	-1119
-753	999
-312	631
1158	-188
-1129	71
143	-261
-303	-103
1297	1233
888	-16
326	759
-745	706
393	-90
-793	343
-881	-428
-50	-626
-382	-1164
-435	-989
-899	592
1361	-1088
-342	1383
-790	690
1044	485
-753	-910
1358	-934
-817	1281
-766	-435
951	1333
1249	-910
129	9
380	1177
588	1275
1293	-723
792	603
668	1051
107	-652
1323	-677
-1143	-119
1065	250
1099	-631
1023	-74
22	-918
291	1288
793	333
-716	-755
1217	-491
1203	1221
194	-708
-395	-117
1248	789
-715	-442
-1034	1358
-46	532
522	1092
-677	1288
-373	-659
-502	-740
1061	958
415	-1143
-195	1315
239	-541
708	-569
1197	-720
-1006	748
723	-863
-253	-1168
912	429
1172	585
1254	402
894	928
85	-969
986	1286
-533	-1025
-1123	-1095
-940	-1014
-204	-29
24	-1144
768	109
-1151	-713
-206	1118
645	335
31	-964
-469	-1104
288	83
14	-46
-521	461
-1078	-986
1396	96
952	623
645	-147
294	907
-527	-164
-1191	510
-760	614
972	-224
-480	-1098
-1186	-51
1214	-999
310	-599
-183	-534
-739	467
455	871
149	-824
943	548
898	389
-690	2
-985	1321
1351	-1060
585	1001
-1018	359
-260	87
908	-281
858	-1089
236	719
-277	374
43	1186
404	-966
-176	-914
-916	440
385	-1102
1388	-109
652	-50
809	717
-903	-152
300	267
-348	-254
-293	-911
600	71
718	-1048
-1021	-668
871	-331
31	-325
-1129	1293
-83	1305
-511	867
-1168	594
682	-224
378	546
96	-1137
-684	555
699	497
678	-90
722	766
-1158	-922
-519	-963
-888	1146
815	-492
-506	988
-490	-1001
-167	143
531	-1185
-128	1010
970	830
536	131
2	230
-258	-743
336	112
-861	-391
801	73
-58	905
-705	-50
191	771
-157	-640
-520	-368
-711	259
177	740
-952	458
-405	-49
442	-706
-91	-793
1201	281
-793	1331
120	922
-913	445
-851	375
1181	-722
-588	-1042
1271	-924
-995	16
-18	-302
549	-429
-648	-307
1147	-680
-586	1307
-378	-106
-651	534
557	-961
503	455
1071	-956
888	1179
325	-882
685	963
418	-1023
458	-32
1076	277
-454	-661
28	-1056
-1108	-329
865	251
78	965
-407	-179
-1067	1220
791	125
817	-438
-57	-827
173	-199
-797	-834
965	900
-105	1080
-820	776
753	729
898	989
-1085	-651
1386	-870
-950	-85
1377	934
-300	-488
-817	-1039
-371	685
-959	-599
-695	-335
282	1388
289	881
-1085	1291
-439	989
-429	-66
1014	1032
1349	342
1336	1067
604	-736
-1009	-302
-142	-288
-371	-1063
688	-126
-103	-373
593	1262
-263	-1087
-451	1398
-939	646
411	718
861	-685
1072	1132
-536	784
59	-962
541	-415
-392	-1099
1304	-1074
-56	303
-885	-291
973	-232
1117	-296
1154	767
78	-834
405	1369
-48	853
284	356
390	186
-1089	1232
-700	1085
899	-114
1107	-330
79	481
-653	1284
-343	-929
1081	167
-504	-592
-721	-463
-1076	186
1114	-809
-690	182
145	341
298	1132
387	1320
721	477
273	722
-406	1133
1104	-1169
-126	37
-376	1054
1186	1180
-177	1217
267	149
72	727
-313	-375
453	1269
896	442
183	-1047
-647	1179
846	1148
288	1291
611	1394
88	-57
-1080	777
-692	100
-990	-847
-375	-984
254	-370
-321	-189
-2	7
882	-361
1241	-794
857	-46
-65	-316
268	1269
-200	-530
13	851
-378	-803
-582	347
320	-80
-125	587
-834	-284
999	1288
292	-1158
765	-1139
898	-1094
-463	-842
381	8
610	443
-217	-121
-186	361
-998	34
-525	33
246	-411
-291	-678
879	1010
-267	1333
145	133
1012	105
1120	-569
1099	165
-171	-18
-1175	-1085
739	265
-833	-861
1146	784
608	-841
982	1165
923	-916
568	-805
-1200	724
64	-346
131	-529
-185	-844
-1147	361
185	965
662	-775
-284	-65
-264	180
638	-971
-911	-407
-648	1123
48	-470
-160	32
1028	21
1347	-27
-449	1217
518	39
641	1286
-916	311
-1119	941
528	-224
1284	723
-1186	-840
-1032	-497
923	-731
-789	94
-979	1049
136	-120
143	-876
723	863
-462	570
-133	397
-272	-1118
-1110	-90
-906	-627
-1107	975
1286	610
-769	1127
667	1295
-949	1276
-1098	-109
745	568
534	1015
467	696
-456	489
34	321
528	-401
-19	-414
903	-656
438	-1169
-923	-308
1375	316
261	609
-765	-659
1262	702
-840	217
-593	1121
973	1369
1001	-207
64	-851
1126	1256
1038	200
-243	332
798	-358
-1070	-314
-674	-533
1006	-424
-717	906
-381	-1159
1390	888
875	-63
-169	-1103
878	262
775	140
373	209
1373	1377
-438	-1117
5	-395
775	865
-320	-837
357	-121
-857	-525
683	1357
-1142	-965
335	1267
-244	-117
-928	14
308	495
-68	677
641	-604
1282	780
33	77
-137	524
-1131	-834
79	-60
88	-737
-992	-914
560	-608
-164	479
915	720
-163	-937
-373	-653
-192	-978
177	1068
-680	876
-863	1059
-822	-162
1086	-1016
673	-218
-422	-560
-411	682
-582	-785
-642	-829
293	595
-741	881
1092	-654
18	342
362	352
738	-129
736	84
739	-881
620	1352
-213	1320
131	-904
1119	-215
-1134	-906
-939	-2
-475	599
-244	-816
1356	-174
-871	-1136
-211	805
560	144
284	-607
-607	208
522	-429
187	1241
-733	-1064
1234	1147
947	1190
1191	-895
343	-705
-881	1373
681	1086
-877	1094
742	87
-929	-76
617	103
1077	-257
574	919
594	1000
1054	735
-1053	1140
887	-698
1202	-991
-538	423
1312	1188
269	84
346	-1038
996	-954
-1075	-491
1081	-265
-1187	-695
-1087	74
1298	-288
216	894
-965	-295
940	-369
-46	-168
1085	720
953	-1173
-476	1189
911	1253
-1007	1243
44	-282
1055	-891
-211	-545
26	1006
-410	359
653	-879
75	723
1358	50
-397	273
1060	-301
1331	-342
1277	642
-1074	-821
1244	602
324	1276
-111	-658
-455	27
202	1342
-1039	476
-949	-615
-327	-312
-1180	717
-184	-1092
-829	-404
-42	-698
-1168	849
-1130	-914
179	-61
1188	-210
-855	-435
750	391
-1067	199
1340	1227
715	41
-604	-410
22	561
222	733
-1090	1173
-608	537
1308	-233
-839	-523
155	-118
967	381
-430	344
1181	1343
-562	1320
-675	-1160
-128	-651
-788	425
-592	-748
1128	-72
-1020	1383
-1078	-238
320	40
135	1079
1200	-658
-1121	-668
-655	152
-554	-901
26	846
-349	-781
795	-1109
-740	1051
1198	882
217	-1089
-966	-868
319	955
1021	82
1381	-942
86	-1179
-6	10
20	487
-936	1140
-273	468
-132	1245
-398	-422
-277	913
400	-1067
-951	392
1043	223
662	-442
865	-60
-1200	768
461	-1048
-356	335
-789	1042
-781	-642
1109	-244
404	928
179	900
-1023	-121
975	502
-928	-593
-311	52
-433	926
846	-270
-1111	1379
1172	785
1210	157
958	-182
-802	-394
-354	596
863	373
840	-922
-1093	-467
551	1037
514	-1110
-1096	-308
805	-807
-337	45
-27	546
1383	112
738	554
-298	-1172
423	1297
377	-108
250	851
-720	-277
708	-599
632	-977
444	-379
-75	-1169
-842	-463
-175	344
-725	1125
240	800
-697	-575
136	399
1223	-1108
350	199
-1119	-846
260	-1011
397	-14
344	-615
-607	-182
961	235
1328	-1199
1144	-1077
450	731
1195	-1134
-885	1285
-985	-104
-527	1233
504	1369
-219	-989
436	1287
-1195	841
532	951
403	226
-318	898
-1122	-409
-496	1254
1166	-577
1130	-1183
609	515
1306	781
599	1236
30	464
743	-1144
-751	337
-881	193
1324	-641
401	433
-7	-603
-504	880
530	260
-221	-994
24	1379
-1033	-1040
-149	151
-1003	-243
-822	-570
928	1360
1188	631
-815	210
-617	-1138
-764	-137
243	569
438	770
-916	1272
-1187	632
402	-155
355	1222
227	-568
-818	1028
-1172	1249
623	135
1047	523
833	-1098
-454	-1055
862	989
-911	-266
604	136
-1160	-914
1160	629
988	58
-989	-333
-1102	-997
1300	-500
496	-876
828	1380
598	-541
770	1232
421	225
187	-690
912	109
-139	1001
57	150
-783	413
840	-690
-1062	1379
45	-556
1312	-620
198	886
203	-5
1165	3
502	-601
-809	742
-175	1215
341	583
-697	-1017
342	745
994	-410
559	373
1328	-1126
-424	-884
968	-892
577	-310
1089	715
-675	-1194
-827	-228
211	-347
-1052	1382
-714	-258
588	-531
-27	-181
1198	1367
1131	53
1266	167
95	-127
-391	-199
-857	-206
679	206
-288	781
794	1110
1107	-681
907	-232
-739	-535
-358	1206
-970	-190
-8	292
1255	-333
874	700
-439	-407
-725	-87
1106	744
264	519
-55	285
-3	778
-1172	-491
384	1248
276	-231
1114	851
-795	494
203	605
741	1271
731	267
923	1198
-968	-628
-55	745
-987	-362
-667	-174
-186	-1087
-787	300
1316	118
154	174
685	-177
-370	437
1251	-900
2	967
1124	-886
672	-940
-975	1302
467	1337
-143	868
-109	1160
-1139	95
304	1254
1262	278
306	-578
1359	-1082
580	-395
-521	1232
-999	468
885	-81
527	290
1375	597
-1095	529
-722	970
-735	830
-113	744
560	73
829	280
-167	1143
1196	-182
464	-33
1365	745
-41	-573
-560	-1015
-49	-373
-137	205
-1124	519
965	348
994	-640
36	-567
-205	1356
-1095	-645
599	660
-858	-891
-945	-210
-646	343
400	836
458	662
-554	525
1325	-1116
808	-452
-111	-1019
-1030	-774
-1193	-951
1128	222
-58	1178
187	-1145
-413	-559
840	-1121
-505	-329
601	-212
2	-585
1009	608
1211	671
504	-735
1092	-733
870	-1112
-1164	-1184
856	604
844	543
-893	280
-343	-636
946	747
-517	229
380	1112
-523	567
665	-396
-1177	942
370	-1123
-73	64
281	342
1075	946
-561	386
981	-495
327	-691
1213	204
1367	-224
1384	1040
490	1078
1095	308
381	1394
-906	358
1275	1091
1035	1036
663	601
909	-1160
42	232
-416	-248
-195	-263
1011	-169
327	309
-22	-775
29	-1152
-387	-55
-914	-1079
-504	-868
-5	-140
-36	255
-598	1128
-840	-361
805	332
-113	84
1056	-437
1363	-732
205	-1090
519	1379
913	-1080
499	297
-1200	-7
439	904
184	-320
491	237
-887	866
303	-1023
622	-554
962	169
-238	-496
-1084	-853
-654	-220
41	-678
-901	819
-343	-1022
1285	-1043
-219	326
-1066	-849
-368	254
1301	-1182
681	-845
-926	-803
627	674
468	50
-945	-259
-1028	1344
1135	927
-904	-1018
1258	312
36	-584
-1064	-612
608	964
1208	-1180
1152	-106
488	1105
-596	1312
963	-335
-497	-436
892	1190
-418	-419
553	-225
931	556
713	-90
1142	-871
-251	-1122
-1197	1191
-949	1140
641	-1009
50	-1006
-1174	364
-946	533
1339	-1150
735	1191
827	-687
-38	-920
133	1218
-90	603
-65	-883
473	25
-674	552
-57	-144
625	107
-344	-522
744	211
1056	1309
-1054	-752
920	-81
-51	731
-379	-188
-607	-767
-283	1320
65	268
381	-982
626	-1045
1184	352
1288	678
1021	128
662	-480
-895	-929
260	-716
532	-271
1224	716
-857	466
-851	1268
1169	-260
906	96
1078	-859
19	-268
-972	-984
177	-919
388	147
1080	-657
-953	484
976	-473
1193	320
-812	1235
-969	1053
857	-445
1049	289
984	333
-644	-1077
-1129	1231
626	895
1033	959
-334	347
875	-218
-515	602
108	276
184	491
-445	1176
937	1337
-88	1167
742	486
1047	-161
1343	-1103
1347	-671
-259	-314
413	-573
921	367
377	1277
658	-331
1048	-725
-637	619
-591	1047
410	1085
1235	1150
996	416
1218	-222
-654	376
560	1166
-1198	159
-785	1243
170	-322
308	-506
-434	-877
-76	337
1044	42
83	1074
378	-667
818	-381
157	-1065
-430	153
-126	224
78	881
809	419
-717	-491
-70	-878
-578	-214
373	157
977	-145
-692	907
296	-628
-992	-432
856	748
-1120	-366
487	5
-330	-259
897	-894
-410	-9
-5	-818
1347	-614
1179	552
-362	1226
-1121	922
-488	1296
-317	-333
326	-326
1077	920
742	-1057
-425	935
511	-1199
-189	-1133
526	813
310	-22
1008	-339
-377	-991
-508	1264
163	738
827	621
780	-1088
-718	1051
1083	-691
655	-942
-554	-407
892	-648
-205	-492
-632	-136
828	1145
-713	-952
1214	-87
629	-971
112	-256
-1156	1107
-34	-245
-691	390
322	1272
-671	652
1207	1340
448	-756
-563	1376
-937	1070
-361	-398
-271	1359
20	642
870	-1131
-677	-1016
1294	890
-362	598
-795	21
-855	617
1152	-678
1373	1017
891	578
971	-918
-464	-947
-487	-82
-976	-370
-1146	672
240	-1076
-35	-967
1387	321
-692	862
1153	-1159
-294	-2
139	-940
1386	-98
989	982
-359	220
788	-863
322	-597
862	735
1234	957
-613	-282
-1131	-414
-691	-746
517	-528
-550	792
-463	1261
110	813
-904	963
-365	963
559	-583
675	1317
824	389
-458	-288
220	-573
-402	-107
-1046	1110
-32	407
182	-1088
-536	-396
-734	164
-892	477
700	-254
967	84
1019	-1065
894	-589
160	950
1327	-526
-940	-906
-627	1309
-291	-26
-254	-794
670	11
-874	343
1162	1383
-1178	1264
329	1176
-333	-381
-754	334
625	1174
-1122	616
1041	557
1008	262
756	554
-1004	-1035
1201	94
984	-510
34	725
1087	805
1363	-1184
644	347
-1115	-1001
-433	1157
-159	1137
-705	1258
-1199	-382
-925	1030
246	-842
-628	1296
-1121	209
-958	610
-156	-357
-45	-99
1393	877
912	-1137
1220	-212
-579	344
-621	-541
819	846
511	-771
1219	867
191	956
609	-1146
-275	1289
-911	1309
-418	1012
201	-867
-242	1263
424	1189
-236	-211
403	659
884	-299
-384	-159
1059	-1019
-426	-261
519	1386
-100	1359
391	1370
1063	33
-22	1376
-9	1283
-876	-456
-316	-196
1357	1132
1306	849
-146	713
970	-463
982	1080
506	1339
537	-921
452	393
1226	363
406	-561
-938	-1056
-714	-8
-224	96
1182	-758
-910	-14
1226	892
-21	-29
-968	770
799	1133
777	-904
839	180
-888	1015
198	-794
970	-553
69	-1041
-848	-623
-657	799
-704	-528
-179	704
-694	-515
-395	1296
-1116	-963
-153	-60
288	90
309	-554
-688	-490
1021	1013
-926	999
-11	-1139
-691	646
-31	-604
443	529
1081	-545
382	-175
1166	101
154	777
1284	-991
286	1354
-854	-1079
409	265
-687	173
-1128	304
946	1287
154	-537
-31	-756
1206	448
458	-186
-851	240
767	-137
-1088	111
288	781
-69	807
1013	-730
1228	819
-810	-626
1235	-21
434	-1109
-812	-338
-679	-734
-639	1224
-56	844
995	-693
104	-943
-898	781
335	-1182
-68	331
-515	480
-704	417
1247	-851
-84	930
-399	272
864	-549
813	424
-610	1083
98	1197
-638	-625
-1073	998
-951	-1134
-381	-537
-12	1090
-795	686
-886	999
764	-947
760	1002
-876	-1063
-606	-592
621	-506
-161	1305
912	1359
-914	1365
-898	481
-556	-136
-685	62
1134	7
480	1346
596	-776
-257	-579
434	-1032
359	506
973	-214
-1157	626
-740	366
81	-727
-479	-556
773	893
828	-469
156	218
1294	-293
190	-715
-345	-453
411	591
798	-817
480	-515
248	-974
479	-273
-22	-666
538	920
1063	479
247	238
341	688
814	-353
-555	-95
-897	968
1311	-481
829	-196
691	44
-630	1328
756	-687
1301	973
-465	584
234	871
553	477
-347	758
-319	1351
227	-931
14	-267
1033	890
-702	-712
786	804
-602	397
-999	83
-1036	8
516	-245
-972	-747
-765	1073
1024	71
-615	372
1170	387
759	396
536	-963
-768	842
-954	969
-574	199
181	398
1080	1220
170	109
-147	-209
594	246
1042	-701
736	618
1096	-117
981	695
71	1157
-866	888
-569	-1111
3	621
281	-331
267	-482
-233	-59
141	-327
-861	-503
46	1180
541	-547
459	1166
206	253
-579	-714
987	-1124
308	69
1147	-972
952	-518
-947	674
-350	1034
230	219
-212	-713
0	98
-612	-884
-933	540
826	1223
-750	-274
1003	-439
943	-942
-207	-356
1294	-1026
-113	17
1256	-463
302	-78
-758	1199
241	25
1227	-642
-682	1039
1142	-162
-1153	1204
1264	573
-508	-100
-741	-777
-864	812
-159	753
-895	-318
595	1325
955	1368
-499	327
540	-959
452	-573
-906	288
154	-98
1251	242
-603	1320
-511	-647
-1096	663
1015	-397
82	1043
-564	-529
-686	47
-1184	240
-434	-456
1154	-632
1356	-799
-492	-1081
1320	1147
747	-61
114	1203
-399	457
-954	-404
265	556
761	1327
510	390
859	1135
-91	1181
-443	-1098
910	-878
-152	780
-683	-622
-402	-836
455	1037
-14	1185
1271	196
1031	605
-727	-312
-527	268
-900	789
-451	355
1140	-391
-679	344
792	510
1036	-68
1321	18
357	-782
592	1092
589	1390
422	-749
-757	2
657	754
451	-940
-714	-236
-860	-1152
1190	470
1221	848
521	-815
-16	911
327	570
454	-109
-338	-469
-751	764
-129	-973
729	1197
-147	-924
884	744
-230	-932
1097	837
-1105	-1038
833	478
453	1281
615	171
-990	-868
1267	851
-302	925
-969	303
943	1049
390	1380
1081	-291
-589	526
-115	-681
821	-644
202	293
463	471
16	936
-552	-78
1295	-622
-808	211
-579	481
953	958
-849	-9
1041	429
388	627
-913	989
-982	1142
-955	955
627	-959
316	571
-311	986
669	927
730	848
472	-588
947	-994
-122	-916
278	-136
-1100	-574
807	-10
-896	202
380	330
1137	-726
858	850
-131	476
-144	-142
563	-241
-36	-1070
547	-87
-983	-786
144	-955
-138	-220
1262	616
19	-855
-127	-558
966	484
-694	-527
-1126	-624
-364	-1106
-13	977
-986	985
305	185
770	-214
-536	357
-818	151
1069	474
-911	-273
-782	-611
-477	294
936	1381
-445	-1085
455	509
-35	-1181
680	609
-4	-693
536	548
-120	-63
1187	-560
193	1109
-365	315
-308	-548
1045	-273
25	388
-185	-188
608	-374
-220	608
-142	-575
537	1225
647	-1020
-1026	-269
-593	-285
1069	-148
369	-622
-397	-996
-645	-685
-902	-544
892	434
-103	-1006
-630	846
533	937
-630	137
807	220
1202	585
828	567
-1148	622
-266	-802
1003	293
-557	601
879	-660
779	1277
-556	1063
374	630
-920	-1195
-948	-387
-732	-898
1366	-783
-950	448
-801	1109
668	-938
1287	775
676	-860
1160	-149
136	-166
-647	1029
-283	-990
921	-39
-240	-1101
1317	1255
-401	1317
821	-250
-153	-995
348	-274
-453	-7
-1169	-848
-1081	-364
50	822
-751	-1195
-683	1195
606	-249
1063	109
881	-608
1060	646
-575	-111
404	362
1197	1143
585	1024
-374	-140
-315	-673
560	1301
137	-769
-530	-324
1328	813
-1062	1298
-1117	-461
878	-177
-821	78
838	-544
-249	-188
1056	-543
-485	1029
369	-346
-524	871
1222	1250
-805	697
1395	-1104
376	-792
-1183	-1093
1333	952
1396	-354
882	-414
914	1299
369	-52
389	1386
-182	-448
37	-452
-219	-75
-817	-1045
1220	-72
205	1185
1201	-301
-718	-713
576	-513
-670	1287
805	972
-341	-866
252	-593
-884	-806
-957	-55
-786	1156
-671	599
-138	419
1051	776
1225	1159
228	-1014
-960	808
478	209
1271	-1050
-99	-1110
-1160	1095
-10	433
-1134	-863
1225	-54
-827	311
846	31
-109	-377
309	230
-488	833
507	1304
191	-798
1160	-70
891	-157
-128	55
-92	-860
-1199	1049
-1085	958
-224	-488
-326	-484
