5000
1699	1649
713	-853
51	1783
-56	717
-575	1326
1692	-795
-1073	1331
960	950
1213	-668
560	637
178	1342
1719	58
60	-1122
300	1485
1276	-463
1555	-402
1321	766
376	1563
871	171
517	-702
215	246
-531	787
83	461
386	743
-607	-83
250	-880
-1173	-301
-718	1446
993	458
1744	-1078
1034	-167
-1078	1652
656	239
-306	-709
470	676
161	709
-810	665
802	-413
15	497
1005	1418
596	-1005
1294	605
-987	509
-816	-415
582	763
-1085	600
-255	532
-216	-720
1465	447
-828	663
1088	64
222	867
679	-982
-566	149
946	557
1591	580
-709	-710
20	1397
-601	946
-4	1283
-307	-607
-302	-483
0	1621
1035	-62
-203	1438
546	1097
1696	-160
-919	1732
-330	1407
883	117
-1033	-515
-357	87
871	1640
725	372
-690	677
379	609
1567	1189
934	820
-622	940
972	818
-511	-910
915	259
322	302
800	392
-1126	-764
1534	1724
1108	-1044
1463	-727
-81	-401
-302	1536
-520	73
-669	1781
509	-7
1730	-433
-172	-693
529	-817
170	-1189
-1042	1704
111	1094
706	649
-475	-700
-798	226
154	1013
-1203	-37
-718	-180
-845	-608
664	-500
1157	1526
106	1381
846	362
982	238
1731	1463
1754	1760
134	227
1782	361
1565	158
-198	1727
945	-233
378	1056
-413	1174
1379	704
69	1359
-879	1543
-674	1480
564	-140
-1082	547
515	1548
927	-864
357	789
1224	1521
-228	-368
392	222
-797	-196
-824	470
-865	585
648	-844
-313	-987
1484	160
1378	373
1709	1687
-776	1099
-684	995
-219	-907
1204	24
11	995
-112	-1031
-41	-863
-1177	1562
-1009	-891
1643	-132
-269	-1186
1409	144
722	-991
-1075	965
1511	-1199
578	1219
14	1384
-1190	-1117
34	-1
349	840
1249	-211
-1135	882
1374	1621
227	-936
1337	1643
935	-971
444	482
-534	1794
1505	1266
-788	91
1798	1343
-493	-620
-745	-56
-611	320
1225	-303
-463	110
1004	1118
-946	971
-12	814
-248	1522
689	456
-151	863
-201	1636
-1059	1512
-809	864
1257	-162
1046	-1155
1530	1145
754	-384
-959	1021
310	852
-131	257
-815	-715
-671	976
716	-416
1353	871
-253	1158
2	293
-624	-1133
689	-277
790	345
1511	1287
-545	768
-581	-570
955	930
1233	133
554	152
-695	-450
-170	763
352	-1129
-967	-231
-116	266
887	-721
580	-544
-38	934
305	1591
-549	-898
1123	535
-1180	1382
1425	-891
-806	-471
-733	998
-54	591
664	-875
1054	-472
-989	324
-23	-684
-591	-173
1738	1114
-1109	1626
532	-666
253	-153
-840	-572
1466	101
568	-338
1077	1413
252	-44
-244	-634
1615	-442
1246	-1105
-617	1303
345	-907
1199	68
-858	-327
-1058	310
207	384
1148	1750
-468	551
-760	400
393	-372
-305	1776
1334	1245
319	139
1789	987
1658	882
-344	505
-1001	-952
1056	540
1193	334
-930	-38
1386	786
1580	1661
-1019	1216
1352	-494
1367	1280
-765	7
-593	948
-197	1733
662	861
-535	348
1791	1088
771	440
-443	1575
-1153	-331
-145	536
-1095	-600
-123	-632
352	-84
471	372
-92	1414
1241	119
1142	712
-628	639
1074	1110
-263	159
-827	1125
1654	-158
-349	417
-943	-37
1754	805
1776	1188
25	-64
1730	1542
880	1170
-315	1230
581	-1130
-347	834
-698	758
1136	110
-1208	929
-1099	864
-955	1358
-801	943
1233	-599
467	-851
1649	103
1458	-766
579	498
77	675
734	1592
-208	-730
1155	657
-1189	-553
-751	-996
1186	237
1739	1468
-645	1404
-113	-141
266	-382
-159	-162
-1042	-839
-151	-456
-94	898
1499	-113
-390	291
-73	1656
519	938
-1138	-387
-550	230
-857	1236
-1010	-834
-1141	-833
-817	-943
817	1496
1068	1345
-842	-631
-407	-110
-1014	-1204
-647	-621
-384	1738
-181	-447
201	-1185
-405	417
934	-44
-206	814
-608	-592
67	-1043
862	1190
864	1395
66	1546
678	-42
758	372
-128	912
697	-1078
814	813
588	-503
57	805
772	-491
589	-503
1623	-355
1711	1726
-236	1039
26	-844
1043	-347
1252	705
612	724
-177	-136
1072	1543
613	244
590	76
168	41
714	1389
1094	1271
-977	-591
352	1687
-624	603
701	-173
418	368
-408	281
29	-1117
1333	968
-495	190
1489	1123
-123	-679
1078	-375
312	-668
971	928
1246	-430
-1098	759
1389	897
-333	-696
1078	450
1513	897
812	1022
1176	65
1741	-486
1780	1383
1221	-775
-1099	1177
1483	263
-852	-880
1412	1009
-722	1211
433	-445
1584	-883
-45	55
416	1580
963	1495
-1177	1607
362	-1020
962	-936
1433	-1097
-1026	-232
1646	611
1676	604
832	1044
794	-718
1150	-999
-546	428
-328	-822
1794	526
274	-349
40	-1012
-1058	1249
-781	-788
-686	1171
-789	-529
1376	-660
618	687
1491	-443
-1030	-154
-1052	-715
-524	-675
1449	451
-618	-410
-792	-1032
1114	374
1171	-1009
1199	-533
1488	289
-716	-707
1256	495
-459	-927
38	3
-192	-88
201	1512
-849	419
43	-477
235	642
1033	-944
-117	1491
988	379
1613	201
100	-163
498	-489
-1168	-974
870	-597
-141	678
1444	-1107
1530	-679
-722	360
753	371
944	-908
-1106	33
1211	-19
142	-1057
-120	530
-783	1154
-1164	-575
175	-124
1048	820
154	298
-294	-882
651	423
-1142	-31
1380	188
-107	-400
399	709
-893	-300
866	1744
1635	677
-854	-241
-421	1597
463	-50
1577	1595
485	1764
122	155
1284	1465
-28	1273
1362	964
-307	-615
-70	381
964	-412
-322	1749
-180	223
526	421
281	1779
-450	1036
1131	49
589	1028
1624	-761
-858	-1106
-1160	-550
-1124	-977
350	-476
-178	-183
-581	1353
-952	1606
1053	484
10	908
-594	-514
1164	238
1368	682
1504	-1051
728	1191
249	-278
-658	1322
-591	-1039
-836	515
190	-575
1392	627
211	82
-1027	-953
717	-522
814	249
262	-1179
795	1687
1210	-696
1335	1167
-767	-510
1170	1365
-368	297
1143	-680
1051	1608
912	-921
-901	1164
1490	-543
-1186	-1128
1596	1362
879	838
-453	-914
978	248
597	-1019
-996	81
441	1730
-291	465
-54	-581
699	764
-393	495
337	-256
-461	-856
775	614
1267	-1168
-867	1319
-272	1193
-1041	1345
38	1164
-491	136
1455	-1022
1133	-1195
1338	1419
164	596
381	640
-791	-1043
-68	-259
873	-1111
463	-291
1694	1159
-554	427
-480	727
-932	-1178
705	125
-189	406
-862	-1147
-559	-1197
137	1218
-1197	-931
1112	-968
1535	700
1093	1517
-1056	1322
132	343
588	-976
1212	428
1612	-288
1345	-870
1042	-121
12	-11
195	398
726	1516
-1201	-913
-957	640
38	1082
-1068	1633
772	-685
1446	-894
1516	749
164	927
1605	-1130
567	739
-892	-457
879	-55
-836	1215
-659	-776
1184	1766
-118	-1003
1162	-1042
-896	870
-796	1422
-325	190
-4	-992
1187	1382
1563	-893
59	828
1642	-281
-160	174
-104	-896
-717	-442
1267	1107
837	1086
-1055	-288
-619	611
111	-1016
-510	904
-774	-491
97	799
1716	985
1695	-568
772	944
170	-1100
1097	590
-428	1393
-1199	427
1428	-702
-262	751
86	-122
-879	953
-1100	182
356	-1173
41	1458
663	1424
-686	818
220	-664
309	-195
-716	-64
-594	205
-716	1780
1074	798
-402	1054
1657	-899
1297	1472
1248	-705
-1079	184
-197	1283
1358	752
723	732
1183	843
1383	1266
1536	-423
-375	-1027
889	1016
-1004	1356
324	1652
-432	1412
-400	-121
1614	1523
-979	531
977	1704
399	510
-1009	563
117	810
-277	-1163
-677	-339
1608	-824
305	1650
536	-111
571	-1047
41	633
914	708
32	-1115
-942	-657
1633	-1050
586	219
-223	1736
-272	667
824	-167
110	1486
1577	-1012
-84	88
732	-85
581	-1119
-471	-1104
1639	1309
-179	-231
-1026	1658
1340	-186
-544	1357
31	148
1147	-150
941	-141
708	237
-215	1710
1364	-999
-416	-745
82	1131
1470	45
149	1131
-207	620
-887	-304
-720	447
-410	-553
1576	-907
-43	-956
1360	1470
659	-456
1076	1036
401	765
730	80
1224	-160
1698	-807
1683	1144
-1119	1790
1422	-202
1293	490
-1019	-896
-400	-190
1788	-574
1476	434
-44	-1113
1590	-875
807	1631
680	7
-51	-198
1646	-1000
827	1526
-93	-1175
-284	1428
-508	372
834	1440
1048	646
459	-304
1620	700
-896	1370
-563	71
471	1646
-720	1481
149	-1030
314	-1051
-1134	-956
-965	-1167
1175	22
36	-763
-1193	409
1387	459
-919	-731
-154	331
104	-435
1754	658
-975	321
-756	-657
1790	-88
509	335
563	585
-6	-712
-1030	1345
-109	-358
790	1704
1127	244
1633	-623
-343	950
-301	621
623	1597
-1176	80
669	-692
-519	1452
-820	-277
-1201	1039
266	1096
1730	592
562	1225
833	738
-109	1374
-1028	725
961	1061
1426	-209
1076	884
209	-963
-354	1629
767	644
657	-363
136	905
-172	-710
1005	494
1642	500
737	1034
1584	1484
-583	1532
1761	1105
97	1375
-581	-1054
1287	-615
-722	638
983	1764
978	388
691	-1012
1710	1060
-616	1333
-838	-1086
1751	613
-1012	-857
-97	721
719	-656
789	-239
-376	-284
327	-339
-1085	688
1410	-959
1712	326
1255	1227
-811	-875
-1166	546
1641	845
590	-821
-110	-180
178	889
-232	254
1298	26
-1033	525
-854	1473
899	466
-932	613
-1158	567
-514	1270
124	-47
288	1225
-38	817
1492	561
1033	1513
-311	-764
328	307
-253	1446
-159	847
1474	235
-511	701
188	550
357	479
-571	289
720	1761
902	-585
707	908
470	607
576	1588
760	89
-758	299
-1189	1332
93	-35
-262	1145
906	1664
-350	1187
1661	495
799	257
796	-704
978	662
1303	188
-83	1424
248	-1039
-646	217
1600	745
-897	-1049
1393	1196
157	-331
-969	1577
890	-1094
-228	-74
-716	-457
813	-339
1621	-1118
1094	-381
16	-896
1416	290
-905	787
-314	-256
-1019	-344
-669	1329
843	733
-93	748
333	-1048
1374	284
632	682
1202	-101
1248	-1087
-664	1438
-67	-308
-525	-401
886	1411
788	-376
379	-1112
-791	506
-288	-1167
1042	733
-766	1062
1339	318
1736	644
1195	786
1616	-143
-486	-20
151	-778
-972	1310
-339	1370
-236	-884
1133	1121
292	1506
689	-349
161	1123
-147	-96
-407	24
-78	1266
437	-1079
1535	1525
-1172	1535
-462	1054
113	294
-668	1616
918	-177
1495	-766
-251	1221
-710	-1065
-570	-524
-1195	-621
-773	1378
83	1550
1616	-1053
1705	559
1451	632
852	-1142
1585	-247
-1185	1431
-203	-878
932	1114
1031	741
-979	-786
1724	-445
-323	1252
-732	-429
-397	166
595	-1090
-234	-1118
-982	1707
89	-681
-737	1296
623	-802
-471	-910
-1132	-672
15	-561
-620	711
1037	1308
-330	1610
1476	-564
749	-67
-516	-247
154	-631
536	-15
-534	-387
-319	1355
1243	-680
136	421
-923	-391
688	-317
322	1173
388	413
-830	387
875	929
1193	-597
924	1745
-697	642
797	566
-120	191
779	1512
353	425
-32	-626
694	970
459	784
346	466
1545	1
67	1310
-403	717
1005	1730
199	-19
-276	1690
1772	1495
1389	203
-708	-282
-61	345
-99	-293
627	-765
151	1468
-965	494
1599	-1101
1452	-1027
1068	559
-625	-999
1256	-713
995	681
-443	1238
-1108	1603
953	621
869	146
-846	-402
283	-179
-435	801
547	1635
-861	-274
1295	-454
530	887
-935	422
-97	1082
-314	805
1052	-243
-247	1200
-867	-682
-1083	1358
911	-534
762	-726
351	163
-453	94
1681	-822
-1207	-300
870	-217
1061	574
1159	1721
1637	-821
-716	1530
-1141	956
-249	-274
999	-818
1474	-84
-270	1155
-664	1445
1031	1640
-44	-582
1164	1223
302	877
1104	-181
1623	1391
1408	718
-889	-1063
1477	241
313	-868
-1207	14
6	-585
-797	155
-187	1605
1233	-390
948	1128
1152	-460
994	1305
1367	1019
1457	-991
950	-111
-682	-985
877	1292
-648	-797
1637	935
705	592
657	-499
-398	-411
-932	855
-411	-382
-85	1629
254	1331
751	695
-839	238
-942	-1067
-4	-927
1595	1154
58	408
-986	1104
663	-911
1502	1298
-901	1202
529	48
390	273
1458	1464
1031	1284
-728	1518
-16	1757
633	-649
-72	595
-677	-1066
-955	-881
-800	-174
-617	1351
-787	-778
-1209	944
-304	1790
1645	475
840	-1110
1395	-179
-472	182
1089	114
1187	45
781	-947
-25	368
285	1082
1742	1384
-910	591
1487	-375
331	274
616	-964
1636	612
1389	550
1551	-1138
46	-938
1746	-366
-413	-832
-784	1173
-788	504
1065	-229
105	715
246	1589
-221	-1076
-1146	413
-534	-445
599	936
600	1603
-918	768
1263	-58
-52	-491
-949	1780
1342	168
-472	-983
-70	-1147
-67	1325
1135	1114
185	275
727	-1196
1267	1409
-202	421
323	541
1332	1111
461	90
1400	1421
1445	-560
1523	-856
931	579
413	144
-382	-1189
-475	624
-981	-950
409	-99
164	240
637	1271
-597	587
1454	243
-49	655
1715	-448
-665	-280
-608	-836
-999	-289
-1130	-120
719	1329
316	627
-777	-779
-546	883
505	-80
1362	851
-886	476
-1115	1067
1623	1522
446	159
-653	334
1006	-516
-1022	-1004
193	-588
-74	-197
-1207	614
267	571
710	-1046
1488	-875
1123	-273
781	840
-1037	566
628	547
-168	278
-1079	375
-117	600
1366	1557
879	-766
1565	-201
720	-405
-157	523
882	1265
-636	1250
-106	-821
1047	511
1085	-824
-537	1673
426	1399
329	829
949	1264
-466	484
-103	-192
-561	680
-560	833
1307	1337
-180	-1056
-537	-159
-1190	1316
-1184	202
-293	1467
-483	455
1363	-223
1750	542
-518	303
1348	967
-82	993
1444	973
-59	1603
-389	-994
1122	-306
-261	1431
-160	-627
1510	100
-817	991
-697	1126
1603	-218
-401	942
-281	340
-948	1022
-989	824
-1180	-553
-263	127
-264	722
1320	-871
-1193	532
69	-931
1522	781
-915	1046
-948	-977
-322	-545
629	-550
-1187	1221
1302	-77
-171	189
-8	1315
6	1551
-834	1101
43	-344
411	-415
391	241
527	1375
818	1618
928	-379
692	126
735	435
-201	1375
1576	-803
-35	1491
784	1023
989	-702
-805	-1186
1352	316
905	-154
-558	915
1135	1173
920	-170
1252	441
-403	447
-962	-484
1246	-389
-1172	589
600	420
-255	-1128
1693	-425
1382	1163
-444	921
1284	1175
-1015	-1042
764	1764
-853	-1179
64	-947
-97	363
-868	1111
-26	-670
486	1033
1769	-1033
-431	268
1720	32
939	-87
546	-399
758	178
833	1350
-883	218
806	-532
724	-21
-288	518
-470	-1073
951	1254
-288	156
1337	-356
220	1385
-288	-28
-797	1566
-1182	546
-1121	691
-492	1641
1563	-1153
202	-262
954	1387
-564	-456
1504	-1063
-739	-63
1396	470
178	-88
-421	1613
84	-1067
-1005	1593
1636	-375
253	294
371	1387
-953	1490
996	687
-88	-894
-1202	-721
1253	245
-756	1748
-672	-196
993	194
765	-240
85	1696
-1006	628
1130	-819
654	-212
875	1448
427	-42
205	-668
-1136	1368
457	332
618	-877
479	697
297	178
843	-119
-90	-755
279	873
-98	-326
-410	-52
352	1509
313	1678
-218	-361
1279	-49
-638	633
-361	828
-1203	-741
-481	1178
-1029	235
14	554
1497	304
-969	554
-672	655
1139	479
291	-65
-249	-435
-65	156
-273	1181
857	-249
261	1407
1589	198
-550	-349
769	1174
1548	-1164
552	-60
-345	101
-1171	-635
-1107	1649
-875	1345
1637	745
-1022	-52
6	1264
920	1201
-1196	1457
1319	1354
117	1287
1685	-311
621	708
-708	601
1788	-851
80	1664
-108	25
-611	70
-1167	680
-529	10
205	78
576	-1063
-702	423
1601	1531
-1187	-12
1275	1213
1616	-647
-1160	1590
-843	-539
-1079	1208
902	-161
1387	-493
158	-83
-34	1
909	1022
109	1451
49	1584
-133	773
563	1390
1327	861
960	-178
-376	-759
-425	592
1058	-283
588	269
-1082	387
-111	1168
-315	-785
1473	-104
972	727
707	-994
801	-1102
1169	316
542	1343
1617	279
278	770
-625	-1190
-871	-683
1467	1495
-1029	-1059
-945	-585
475	-340
762	-638
-634	-528
726	1140
669	405
-394	-66
61	-467
723	1613
627	859
-71	1192
-737	349
1013	-1112
-1	-438
883	535
-909	70
472	-4
625	787
132	1413
-798	503
599	1752
224	456
1669	1199
1365	479
75	76
-67	348
1097	-928
1761	438
1797	-662
1445	-931
-675	1260
1100	-890
-870	-832
-723	1489
-671	-1107
187	-804
1271	1678
1727	1183
-706	-359
292	-911
25	1753
-760	206
525	-1182
-693	469
-1148	-398
960	1760
-837	319
-471	-438
-138	1308
191	-792
1533	1283
1559	1782
715	147
-49	1364
113	-999
-113	-649
731	1405
-955	-983
760	1070
-1002	-815
1659	512
-1087	-717
1656	-240
1781	396
-214	649
1739	682
-520	275
-534	179
-557	341
-823	-838
-528	-230
-778	-874
-209	1112
-901	1481
1243	-868
-1169	1263
912	39
804	811
87	-755
-233	813
594	-960
868	95
-713	157
604	592
881	1239
536	1698
1760	-2
531	1065
-837	-488
1699	-934
-55	-777
1783	-1047
-1036	875
1771	1774
1131	906
-253	-715
1395	88
-413	-478
-501	-659
399	-1157
-577	9
134	-405
294	-494
690	1673
1649	-123
759	1690
-1151	-215
1306	46
668	-806
893	-255
-500	-1029
838	330
503	-121
-92	-307
-706	513
-709	-1139
-169	-616
146	793
475	-1040
547	572
750	902
300	-94
1283	-956
377	-1026
1357	263
561	62
749	448
427	-706
725	1168
1404	1311
-920	204
266	-392
-802	-1151
-502	-110
-391	-27
5	53
1164	-1079
-1050	759
397	188
-304	-727
1279	-398
1150	1434
1139	-962
1206	-853
-346	-842
-610	-815
688	957
-1063	-118
558	1634
710	1197
-954	-919
-701	-348
1398	-71
1289	-697
1040	-874
114	1025
902	-1095
293	-1170
-794	-1014
19	-79
389	1798
495	-794
-121	-756
-885	671
696	251
1634	-918
1244	-99
-68	160
530	1011
921	953
1400	-35
1026	155
-602	-1030
-129	1630
1025	-599
-1207	901
1096	-1055
318	1660
-388	800
-1073	160
1784	66
286	1040
-672	373
-1056	856
-739	-1129
-578	1143
-1163	1704
-1080	63
-769	-1047
-567	175
-1170	754
-149	-1174
1314	-135
627	810
1153	-700
-381	445
53	-853
-262	-818
-946	708
-494	1240
1447	-1167
1432	-439
1586	80
858	743
806	-300
1739	-946
-877	345
665	-462
-691	-242
908	1451
1341	1304
62	-884
1746	1064
-332	-1003
-315	-1107
-693	1489
-517	-651
1432	-52
310	1714
-174	1419
-233	-370
708	-729
-328	-786
-827	-1193
-198	-169
483	-677
-968	722
952	392
-964	126
1425	445
408	-634
605	1044
474	794
177	1372
639	1235
-368	1401
-47	191
1646	-26
150	306
-1077	-105
1451	1370
967	1201
-705	1652
-213	1170
-978	-1097
1068	898
1744	251
-913	1048
1515	97
455	1434
879	-423
1567	-83
1306	587
575	-839
1631	682
1229	123
1702	-232
-476	1692
917	-37
-1039	-257
-244	679
1242	921
339	1410
917	-573
1398	1043
-597	-461
-141	-272
1508	1565
-663	763
-835	102
1668	-432
1325	780
-1081	1534
1299	1772
1676	238
-24	67
-1022	177
-62	587
391	687
447	-627
707	1452
467	-421
-383	1106
-662	1761
1098	31
1354	958
-519	1422
853	1224
1447	-1126
-642	1788
1219	1208
-407	709
145	23
346	344
128	1693
550	1620
-1086	854
1479	-39
800	247
991	1629
1461	-1020
160	1258
594	160
712	140
1079	1597
459	-443
-252	453
755	514
1138	-812
858	-526
1757	556
1429	-28
1221	-717
640	-767
845	1551
342	-77
137	315
-1128	-1179
789	1389
880	-559
-819	-145
-515	1158
1669	1549
-492	-437
-971	363
48	-1146
-1180	562
-1086	-127
-730	-937
810	1397
317	714
-124	-304
568	1565
1114	505
1198	482
-1057	-423
1202	-347
-501	297
1416	-877
819	-1020
610	696
-118	1441
-154	1649
-404	109
-141	-277
-5	95
-681	270
627	1385
934	-702
-823	-1023
565	1205
553	-865
-278	-638
975	72
-1196	-15
72	787
1398	947
-344	-943
-538	-1183
1155	-415
161	1482
1588	1040
670	-562
-607	978
-824	1727
-540	424
356	-616
792	11
1670	1091
1024	751
876	206
-683	-789
2	600
-692	-355
-1093	423
-408	1037
728	1624
-626	1685
-1024	-299
1344	-475
1294	-885
67	470
32	1586
-988	607
1311	1004
430	302
-529	-1029
1717	-825
300	-841
-73	1295
-167	1095
1788	1588
-638	89
1380	1508
-169	-433
1604	995
-792	-1032
-990	1678
1791	-876
1091	-1006
-1047	-285
-1108	-523
497	-837
89	1316
-608	379
466	193
945	605
684	632
-669	-745
1613	-160
-1099	-684
-793	342
-776	-733
98	-803
-1010	-1175
-81	-586
33	-571
477	-211
516	-1054
-673	-774
874	-157
508	-472
-873	-1090
598	1152
-1199	491
-668	1147
-814	-988
45	-724
1419	-381
717	1414
-1199	-577
-755	1126
230	-1008
1408	1258
-384	474
1044	-810
1770	-667
-559	1709
-991	267
1434	-366
-428	-401
838	754
-1161	1694
903	-215
-509	619
766	145
78	-278
-475	-633
-1147	1182
1320	377
-194	-1101
-299	-558
1517	1692
1405	105
-559	-27
822	1283
-805	806
1428	-1049
-315	482
-70	-1113
648	-658
772	583
95	-504
728	1161
724	-84
175	1576
106	-428
-431	-1082
-98	372
-771	-654
1124	982
-654	-82
-523	934
1089	272
335	-1009
-1127	1445
-505	-1160
739	1703
388	-706
1400	595
-587	508
1207	1151
982	-677
956	-89
-210	1486
-281	429
20	969
166	807
-246	512
898	218
1421	-1076
-578	1181
1441	1542
1633	817
1781	-1162
951	1086
-350	331
781	373
1122	110
-842	1672
-951	-535
-328	-158
900	-218
1152	535
-169	-651
1029	-89
-486	741
287	1684
-925	985
1144	466
-860	1573
-402	1293
1508	-1160
1722	300
378	833
1575	-864
-230	-781
406	1495
-689	-454
-914	-213
624	1286
252	-1107
79	73
-656	633
1359	-954
881	257
-586	-440
92	1756
1609	-362
252	565
1666	-740
250	-1104
943	542
100	1206
1544	-369
-361	1010
4	366
454	261
-384	1124
-420	1592
327	1047
-391	-986
-332	992
-856	531
-516	-545
441	1656
696	-1056
615	814
-967	-115
1232	-835
-535	1534
-734	1021
-97	735
232	-1012
1284	-284
1256	-389
674	999
-15	321
395	1157
454	-560
-633	1220
384	-896
881	-532
535	611
1677	-912
493	1061
268	-891
1414	-1095
1178	1259
-160	1297
154	-1018
1208	189
-561	997
-999	564
105	-449
-1019	-365
-221	1723
462	-291
-22	1705
-67	1626
517	-833
418	1624
-401	1165
-95	-225
-694	628
1071	695
912	1115
-500	-585
-3	1583
1138	1010
-371	1272
648	1671
-303	1789
888	-897
-315	579
-50	1287
483	802
-923	1540
-103	-535
685	81
85	1402
-916	-346
-394	969
1693	965
-762	-1195
-342	-923
-1067	-826
1143	-213
113	-1194
-516	-343
546	1182
1424	-472
-373	363
683	171
-357	-195
-821	821
212	492
671	741
595	502
706	-306
994	-862
-143	796
291	-521
1749	-1055
647	1088
1535	-602
-898	1522
-1014	-928
646	-238
-88	-446
-114	1387
495	-1145
-1207	1088
-639	1257
982	-468
-569	-131
-775	1472
1286	-802
467	19
-158	1466
-926	533
656	1338
-110	-241
-158	885
4	236
537	-336
-693	-930
-858	-164
141	-625
149	1131
-811	797
-365	1294
951	499
-683	-1005
-62	1231
1675	472
-949	1611
361	-75
984	-1021
1477	-538
725	831
1735	184
561	744
-771	554
950	-1112
-964	943
-611	-1162
1251	1347
254	66
-480	783
-876	915
1227	1068
202	-494
-395	-702
866	-606
1062	-865
-142	1561
53	-345
15	-32
-375	-251
700	741
137	-996
-662	69
882	1410
1073	69
-720	65
-319	-112
365	-1074
1050	-1046
1061	1485
1092	710
506	1142
-523	821
1398	-844
99	256
-625	1688
-412	1640
666	-711
496	-881
-1012	311
-1008	-1029
1232	1478
1323	1531
1678	-532
851	-402
1396	-882
-1010	-843
-340	858
45	-1143
-91	975
-530	1708
1050	239
-996	331
-456	1523
-879	950
-849	374
924	378
233	-125
1725	-532
1500	-777
908	-22
262	-663
-10	1504
-148	-354
1489	-262
757	1677
816	523
528	1200
-820	107
394	10
1141	647
-814	1016
1497	862
1686	-649
-901	474
1352	-618
-415	1776
1494	-926
-563	717
1779	188
-127	9
1194	1120
316	996
1282	-1201
-808	-370
1351	82
1779	1619
1147	208
1783	529
645	-450
-828	800
403	1623
-830	319
-1205	1313
938	-847
-37	-885
-526	203
-30	1038
-1085	1303
1598	851
-391	1255
-321	562
-365	677
-659	-382
-1002	721
820	-1058
1126	1409
327	275
136	-493
525	983
1480	588
749	179
1663	-1148
-272	188
725	1617
-442	-702
-1194	1007
1630	-284
619	485
264	1380
1646	-471
70	177
1153	-1072
212	-1145
444	37
627	632
-813	1072
863	1553
-510	-590
1426	1716
1788	1464
445	971
1081	1385
-505	-571
-66	-441
920	736
772	171
1031	-630
1010	1199
685	299
1196	1554
-430	843
-68	1184
500	-1000
-420	-952
484	1666
-356	-274
-203	-90
1704	-244
-148	-69
-1200	372
874	184
-824	1101
-834	-275
1741	166
904	841
84	-576
-355	493
1702	841
422	-25
48	645
623	-244
-945	-871
-1114	1771
522	-532
308	-669
529	179
-668	1289
969	-320
1322	-3
1209	972
205	-1173
-612	-578
-2	54
536	-153
1719	622
606	187
-806	746
-118	636
1567	491
115	1256
1652	419
1369	418
-865	-731
851	-312
-694	-927
1569	642
-1162	-260
-598	331
1228	762
830	1330
1436	-738
-774	752
-273	-928
495	1295
-1040	-203
-308	1434
-928	-705
675	1084
190	-1108
892	1495
-731	563
-558	629
1274	-214
-521	777
-355	1693
-223	1211
-893	-131
-29	-313
940	928
507	-898
145	267
633	1100
1467	-13
455	711
1270	1785
525	515
898	187
-455	803
-615	-745
-228	1152
-195	484
-479	157
1598	-258
391	-792
-1202	918
1629	-358
-855	-671
1204	1436
1742	-1040
521	1202
-995	-799
1628	4
-1123	227
-586	1661
306	-136
-289	139
503	-811
1522	963
616	1737
-534	106
-953	1676
275	1760
501	555
887	1687
796	-884
1540	-689
-467	-331
1148	369
-819	376
-1050	-340
-1116	-921
-845	240
-917	1052
-993	753
389	-44
-841	-1110
-1028	-101
1333	-1063
1271	1367
1478	688
-1095	1422
-625	269
1439	-897
7	-1095
1614	72
463	-710
-656	120
648	-1188
441	-59
-193	-342
-835	1515
-1027	115
628	-516
337	811
1543	-1059
-586	-1187
945	911
-145	405
1787	92
-570	1565
-91	1330
-839	-1175
-1096	-606
-249	1365
-301	357
-41	1704
331	1027
260	507
-63	1094
-572	-448
1024	-558
0	-544
-541	-273
856	-594
312	1257
-427	1358
-493	645
1397	244
-72	-167
-788	883
400	548
-608	204
509	416
804	616
268	-407
404	600
250	834
-525	-622
746	1169
-981	765
321	873
1268	-35
-793	-215
819	737
-42	-593
-71	-1172
1724	-496
-827	976
66	-825
-29	-1175
1222	-908
938	-666
644	978
217	-1071
1142	-1052
1126	1536
-731	995
-1161	-87
933	-719
41	-64
-48	412
1236	-184
370	954
350	478
-653	-715
1132	1273
1732	-186
-1042	1349
1618	-336
1348	423
-463	-1157
-325	519
-418	345
-249	-353
1277	-1077
-215	-310
-1011	1652
663	-857
-256	370
490	681
-149	954
-782	827
-648	-419
570	-245
796	113
1757	-147
1741	1444
230	-1044
904	-971
724	-474
65	795
405	1259
1750	1669
-424	-516
1511	193
-308	1344
948	207
-105	87
977	894
1756	-739
1585	406
1075	1173
-1107	1591
1223	41
-1039	467
-991	849
-213	1009
-1137	-898
1003	751
-171	1121
91	-425
-812	-313
525	533
61	15
1371	652
195	-791
-805	922
-648	1611
-682	-301
-1173	515
-1094	1508
329	-626
695	-736
1601	1189
629	657
312	1397
751	172
1396	24
-264	476
997	423
793	1022
-769	1309
433	-1026
1660	-603
-1032	-702
-724	1726
-1178	-796
567	-1024
-187	-187
355	-703
294	-137
1654	-394
1734	738
-1126	-584
887	1420
-371	-1117
757	1020
-777	516
-1144	1019
1399	-8
-1078	-807
881	1628
116	-1181
-949	-611
519	-786
-288	-35
736	-393
1346	277
-342	1150
675	1453
1515	1266
988	925
545	-220
-169	-67
-820	-827
616	1773
-654	369
-689	1105
697	-139
-1028	204
-463	732
-360	-245
878	159
-526	353
1309	-987
-465	-455
1320	1076
-782	-672
114	-519
483	339
-862	1445
1038	-355
-853	1075
386	-596
573	358
669	868
1719	-703
1653	1384
-576	1187
-530	-1110
-707	286
852	789
-367	-183
741	426
-599	-187
-98	-927
-242	-17
-40	278
484	330
1437	-678
1636	-1051
-1003	1362
1682	1232
-1172	261
143	-243
-989	-105
-848	-974
-1079	857
-540	664
-714	1588
-1009	-225
-1032	381
1655	621
-752	1525
1219	1217
1578	936
1665	1657
-750	-408
606	-824
-726	1594
644	979
-870	-1198
-705	1721
1265	-1125
1319	757
-1004	1681
1244	887
1404	374
-5	-1004
-915	1177
-419	1455
1624	1520
-959	-541
-468	116
1695	-1120
225	957
475	-916
543	418
1278	1356
1221	1170
-520	1507
1083	-496
1184	909
-215	170
-240	-987
-719	-1102
-468	-1141
558	-956
-669	-1066
-380	457
713	-1156
739	-254
-973	1345
-645	882
63	980
-1049	849
-741	1406
-930	-199
1094	-31
1117	-766
1095	-544
-310	777
1714	-408
259	-644
-843	321
591	-486
-46	-35
-778	1534
1251	-712
-53	11
1108	584
1794	1277
-89	-403
1284	852
287	1373
-896	-1038
887	192
-489	-1043
-1185	254
932	1085
-699	454
636	450
1565	-881
1486	-156
-26	931
1356	-1160
-374	-950
294	-733
-1107	504
1444	1143
1054	1725
-70	-327
1459	602
-858	815
-889	275
-1041	654
894	-889
22	-246
-554	198
-462	-1056
1600	81
1547	-682
1510	1120
472	65
-100	1053
750	249
317	-775
-621	1127
-911	1335
1277	667
-55	224
1097	-869
977	527
1549	-891
-775	-530
207	-574
1170	15
-21	1643
-1032	1401
-558	1589
1092	-336
-61	1270
623	-782
849	-918
301	613
1191	-65
-696	-293
1008	-471
-73	-1053
1118	1786
40	1001
-407	-1121
813	-699
885	-620
1416	1675
275	165
1763	563
-580	-605
1058	587
-1059	387
1659	977
-409	-832
-1047	1596
1612	1535
-977	1499
1241	412
-1161	228
1433	1469
1543	318
1065	-831
1585	609
404	1615
1160	1400
1209	-840
622	180
545	-605
1209	-1176
1676	-1168
-793	-47
-1201	901
-717	-513
-1058	-91
-272	-134
1093	-492
-917	140
350	264
-909	654
1147	313
1660	1798
752	1074
1504	1741
1066	-943
703	65
126	505
429	-442
-577	595
-773	906
1035	-983
325	430
1125	307
-460	1394
-270	957
358	-406
-129	-713
454	-779
-694	297
1626	-710
235	-550
282	348
1083	165
513	1746
-522	391
1604	-747
1133	1105
1051	421
764	1721
1071	-1127
125	91
1741	936
976	-1207
-641	-862
1506	713
1249	-217
-1166	351
676	445
161	-1084
-344	839
705	-1030
42	-1041
-440	250
991	1607
-169	952
218	-325
-1063	854
-518	-180
1259	-686
-34	-285
45	-895
-1027	329
914	202
26	285
-103	-506
600	1087
-73	-881
276	343
820	-1046
724	1188
1326	1465
-235	-401
1618	603
856	89
-703	1177
806	840
937	1414
94	704
516	388
-720	-856
-437	-369
213	1319
30	-303
-180	39
-434	19
-40	1206
65	226
529	1408
460	1595
312	1275
-58	1615
992	198
914	-826
-1	600
-286	1288
927	-835
1740	-796
1319	-866
72	675
-376	800
361	428
735	1021
-779	-1083
125	1004
-730	724
-128	134
-642	-1051
-192	-989
-937	141
184	-1128
-532	425
1049	35
-567	-774
1746	-391
-830	296
-823	724
473	529
326	1661
691	-105
-173	-284
-741	-1148
507	785
-761	-455
1038	-173
1349	383
-127	1155
-630	168
237	31
472	168
-484	-433
1697	-1052
1684	361
1017	978
-948	1522
-1162	956
37	381
-757	1445
-120	1191
-645	491
-110	-845
1577	-97
1274	771
1490	1184
-1008	945
1135	-537
-831	-522
-467	-953
574	1449
399	1370
-229	-35
1037	-729
1531	-45
1000	-992
405	186
969	1531
1169	1159
509	-216
-1132	472
967	-849
-954	1738
440	1735
-27	1162
1476	196
-486	863
-318	-188
1575	-318
-545	1316
-209	1559
-514	637
-274	-1071
-40	-662
-1142	687
-9	-1037
-745	-939
928	330
1007	-828
934	282
-635	1752
648	229
1496	1552
666	1050
1779	-202
1487	848
908	-728
-865	1225
-116	184
582	-173
558	1619
793	36
636	-451
748	-130
821	-1075
-899	-168
979	328
-720	-654
1686	-1157
-1063	1288
-526	32
302	1731
-878	593
-137	15
-555	542
328	206
1558	1657
770	-761
576	-55
1486	-492
1427	480
-275	606
458	649
-890	1099
-734	63
96	1454
-1141	-1188
119	1731
1493	-681
1050	1357
-1200	348
-564	-178
-548	1690
-182	997
-475	-941
1641	283
1020	239
720	1215
1583	702
1537	1453
625	498
468	215
1494	-229
-884	242
446	-1100
-1086	1646
683	157
-483	769
431	805
-339	1230
1039	1422
69	272
-1191	-735
410	526
-1205	-278
-96	-32
1718	-642
1687	561
-317	446
-537	-432
1159	-1127
1398	-733
-340	1665
1363	-532
931	353
1629	-269
1430	-1105
-661	-298
673	1044
-603	1124
-1019	-1157
36	1721
743	1063
1123	1643
-1123	-525
925	1631
-1165	-933
164	-874
-521	78
-722	1654
-434	-859
1761	1007
-686	336
192	1305
-601	-1150
1213	-312
976	330
1185	-1186
1329	-164
561	1122
1481	-665
-499	1528
1547	739
1442	377
714	942
251	-412
30	-221
560	-334
1507	-856
695	222
-524	-332
1499	-407
887	1493
-1068	-501
800	-366
1308	-657
637	686
992	667
-223	-1004
1038	1127
-683	-495
-3	1734
225	-555
883	1540
662	1731
1478	-119
977	-630
-753	392
1074	-746
827	187
-151	-1157
-303	1290
-140	4
570	-518
-419	633
-252	-1193
828	-699
-981	1183
489	820
217	714
-299	-3
-1105	1716
1061	446
-361	1547
-801	1794
-470	625
1393	-855
-1054	568
150	293
1021	-829
-963	-1030
-139	-745
562	1177
-57	-418
979	-940
318	572
-916	1141
488	822
483	-437
-782	1209
-749	-907
1262	-394
690	402
1190	-1057
-565	780
262	-817
-599	-1019
-1097	861
1045	-347
1386	-651
394	-582
109	1609
98	680
1456	-1007
744	392
-84	129
-501	1133
658	-656
-1045	1506
-136	1055
-87	-582
-1202	1667
-625	-552
1424	1698
652	-743
196	798
-484	1246
-169	-243
343	1508
-1051	36
1692	962
-364	-739
1690	1111
494	1587
1522	-1000
605	143
938	1207
1059	1489
-33	1188
663	1059
1602	568
-908	476
-213	1528
-56	1594
627	660
-941	-70
-514	368
-396	500
1119	-600
1077	265
-218	1034
1101	-243
1462	1441
-998	-545
269	-935
211	1660
-671	-557
-136	585
1114	654
347	1164
1058	-589
-455	736
1582	1701
-876	-531
-812	-524
-455	1584
914	1209
-285	1656
-1045	534
-659	912
1022	-299
885	-797
1428	1773
-927	79
1494	1684
-86	-1107
403	-281
798	171
126	-537
-499	-282
141	3
1520	354
-936	1267
-1166	-551
1527	-1140
834	252
586	-116
1213	995
1663	-749
529	-342
-1049	946
245	296
894	269
-761	576
-1096	382
-629	1
121	321
778	361
26	1564
621	-1176
1026	-638
1777	-1209
909	485
1248	411
439	476
1375	-947
-863	-862
-391	1614
-551	1064
-596	1276
1758	1011
531	482
1461	-47
486	1085
703	1625
-1154	-77
1684	527
806	964
975	-455
48	633
1117	-983
-271	1150
-908	802
1636	560
1086	-813
-365	-596
-133	1189
-170	-419
295	-202
-1001	458
-563	-475
-93	1522
1561	-1124
535	-1200
906	480
111	-1055
-658	-1045
1471	-476
-662	1391
-129	574
-1043	368
-609	-69
-709	-754
-855	-1138
-1132	558
-1206	1057
416	187
-521	-301
288	-947
-557	-776
1164	-246
1760	407
-61	-320
676	1435
-284	479
192	259
1323	110
-358	-98
445	-816
-1191	-1085
-104	1405
715	-142
584	-407
-137	181
-535	1052
21	1559
1016	1578
428	224
-957	1781
-567	1012
-725	-767
676	985
3	-264
1600	145
395	811
-1007	488
-1133	91
-842	315
-93	127
1523	9
1646	636
1070	1682
-1073	-1124
256	556
-132	1352
1058	551
611	-376
244	-301
-635	497
1333	-149
1181	-699
-939	1228
402	1555
96	-190
-775	-324
1260	641
-482	306
1098	-23
1223	-216
649	-481
-506	976
761	409
-64	843
-747	-938
107	-667
853	1436
-499	1532
1656	1216
1079	1553
298	-383
-729	1574
1304	468
868	-1158
1491	447
611	-587
492	1532
-444	1470
67	-566
209	155
1519	726
1437	-971
393	-387
755	-7
1718	-804
549	1491
194	1168
1034	-749
-579	-965
1242	-882
-43	1521
1297	-382
1390	-262
-278	384
-524	801
1147	1222
126	1038
1144	974
455	445
897	1599
265	1668
950	1434
-1189	1216
-644	-40
1734	253
-603	-624
-454	319
32	1002
929	1496
293	948
754	-263
1377	-1037
1518	725
840	1070
351	2
1480	1131
-23	-831
-804	1456
367	369
1496	704
-703	1381
-181	-326
1510	1186
-805	-1141
613	-353
-656	-988
846	-365
-722	-26
-563	825
-621	465
522	487
388	-214
-111	-928
57	1471
779	313
-8	1631
-173	-978
-116	-535
-614	-957
-1061	-107
1435	-483
122	564
267	1695
378	-426
-1193	-555
-769	778
1772	1726
-1180	1436
244	990
707	1455
632	811
-416	1601
-1197	360
-970	1279
1206	598
-694	-992
-519	-382
-890	202
-84	49
31	1290
729	-835
994	1002
1741	-935
-609	-987
1452	854
1725	541
1359	1274
220	-683
-923	463
202	625
-800	311
153	1225
963	278
1191	263
460	-887
-605	-438
607	9
1038	-928
18	-874
651	1619
1083	1266
-1187	268
1642	-346
-1043	10
517	1397
1593	1711
267	118
-1080	481
-255	-429
845	606
1630	1181
1548	-963
1241	466
-24	1112
1005	-1049
-738	29
-899	1347
-656	154
-285	1346
-411	298
-923	502
1579	345
-478	-24
-929	-1040
-752	-875
1169	-250
-28	-943
921	-905
1614	-1127
-328	-182
1636	1470
-285	-221
-535	-915
1475	-856
1441	875
-899	188
-218	-475
-503	800
1253	268
1728	-205
-1041	1529
1014	-674
846	-335
-521	1134
1522	1697
449	1486
-660	712
-1008	-376
631	-792
-93	-183
-371	-219
249	-10
-755	672
-905	946
-149	750
123	307
501	-501
343	-580
-1130	-489
-522	1398
-140	-772
-377	-1180
868	1128
-1204	1573
526	-164
-339	-625
1442	1222
1584	394
1438	934
595	694
938	-189
1708	-775
-131	-830
-567	1560
1552	-702
1683	-130
-1191	1007
-409	1192
737	752
-1052	-817
-392	63
543	-765
-42	1242
-270	807
1144	-1034
-1090	1029
1713	-671
1483	-103
1325	1682
681	-285
-1014	1050
85	-956
-78	1625
471	850
-153	1200
1009	1308
368	1271
978	-460
274	266
-202	-1005
1505	678
734	-627
-827	1165
1597	-737
1655	596
512	270
780	1307
153	1047
1636	-234
-762	1181
1428	-1204
201	86
-165	533
376	311
616	642
1455	591
1660	613
787	327
-1169	929
-146	-638
1695	1088
-364	612
987	884
1075	1392
834	1167
495	-637
976	-14
-847	-1008
1692	1353
1598	1422
-801	437
1182	1783
287	1542
800	-909
340	-613
595	-1010
498	-1026
-1096	1332
-381	1755
414	222
-33	1404
49	221
778	563
-56	-557
375	425
-449	163
1379	970
1462	994
757	1156
-1168	1456
226	-1075
593	-901
1263	-324
-483	800
834	529
1680	1560
161	408
-61	-544
-450	1477
-282	1449
-1040	33
-1115	1329
-962	-903
-717	791
1510	-1151
-330	774
-130	204
1381	-296
1345	-151
1242	-357
-785	-803
-1171	188
-866	-676
1547	1296
-1135	1759
-178	999
757	750
654	690
978	785
891	1732
119	380
-285	-470
1290	1666
853	-156
112	-1059
1609	-643
-1208	-536
-316	-54
1665	492
-919	1208
831	357
369	1666
-1091	404
-448	-611
-90	-1177
781	1484
-817	-332
1795	1770
1066	-251
-993	609
793	1596
236	-226
-478	840
-208	732
153	105
1258	1206
-290	1594
617	-31
92	-255
911	440
1075	-1150
-910	-526
153	877
1646	1599
342	1353
947	-752
-628	1763
1609	1083
-402	-647
73	1327
1206	-539
610	927
715	-184
-271	831
-624	872
122	908
-1088	825
-988	-297
783	1771
1541	952
-27	404
-954	1768
-30	1181
-469	-762
1383	1272
181	941
-889	142
-1069	-202
818	-1191
1271	1226
-895	273
-877	704
-975	712
1626	1736
118	624
-1132	1380
-735	1234
1189	989
-298	-967
7	210
569	-204
-135	-586
-669	-955
750	-1102
1014	-181
1258	-487
-475	1056
206	1314
-77	-255
-1190	382
-473	-891
293	1289
608	-336
-498	-823
-928	-171
1189	-67
1225	262
314	-417
-855	201
1090	1365
747	1007
1417	-721
-899	424
420	514
-48	-875
818	308
1166	1126
444	433
1287	1038
1199	1504
315	257
1040	238
-838	1715
-1155	1648
-387	604
-891	1130
996	-540
14	-1000
454	1055
486	1793
-656	846
1460	1611
1201	1078
937	-440
-749	1228
-1176	-215
-486	365
604	-1087
171	162
-1124	377
723	-672
1365	335
1522	551
561	-893
-842	-573
-238	1427
395	-55
525	-492
-1134	-626
300	1542
360	62
992	1277
-344	17
965	-559
368	1605
652	1425
680	-747
-543	473
1296	1094
279	1559
647	176
-511	1009
-232	704
297	226
1659	-68
821	-592
184	-842
-417	1428
4	-856
-517	1127
189	1698
1009	-17
-1167	643
-761	1170
-21	614
-1121	734
176	832
919	1627
-1148	1142
195	405
-363	1630
674	1087
633	210
646	131
1430	662
549	1360
651	1343
-349	232
-126	1548
1796	1577
-67	1389
-960	960
1117	-394
-250	-202
769	790
1391	-729
1790	-1057
1359	884
188	-663
1439	-618
856	32
-159	-627
1764	1390
-605	-522
1465	649
1575	-460
-967	622
640	-1027
-1148	804
838	996
-345	625
657	-441
1374	1074
633	-508
976	40
1220	-68
-674	1525
718	410
226	797
1031	-1107
-979	-554
337	819
-795	-1118
-328	-12
-716	27
-725	1126
1600	214
1726	920
1674	562
-310	-93
-443	1070
987	299
-233	992
-281	1201
-627	-213
-1097	-11
94	1647
1064	-89
676	-57
-1009	-374
-557	1002
99	1258
-974	214
-697	257
230	648
-691	818
171	1445
-639	1648
1034	-722
-316	558
1006	-858
-46	-419
1453	-1059
1111	715
945	-24
-218	-248
394	-629
56	-259
1234	862
864	-1061
1318	-922
613	1691
-921	-986
1367	-1111
232	-1201
510	135
1068	134
-1202	589
-185	1665
-1152	-1044
645	-760
782	450
1095	-564
1059	-980
1379	-134
335	-1076
-216	1398
-810	1660
-991	485
-293	-68
331	1431
-467	1499
-350	280
529	1651
328	1557
749	-392
1214	303
-761	866
-594	-859
-215	1222
1062	-254
-869	-281
-430	1742
1142	948
249	-206
1723	1364
1121	201
-504	-258
-784	1025
976	-497
-110	583
172	-1116
809	1006
-949	-263
-242	262
1292	-72
624	884
-565	-1152
226	625
852	-55
1354	862
-710	1249
-1034	499
-347	-631
36	1436
-636	1716
486	854
-389	1029
739	-976
1221	-471
1341	-286
-160	1762
1613	447
-252	1012
1337	-219
-1117	146
964	-179
342	409
-901	-813
1208	130
-266	-58
-968	1431
1528	260
528	847
-467	1334
-303	-982
1788	-855
-302	1508
-844	628
1204	-19
821	-164
506	-201
-621	-205
1403	734
-531	292
-486	365
-953	72
1621	880
59	836
-427	-860
-49	865
791	80
151	-548
-564	576
1793	1360
1545	1767
312	1169
1526	46
537	723
1401	-749
1377	-830
1730	54
1527	-264
1720	364
1419	355
322	-643
818	-915
990	158
1173	1066
505	-180
-858	-814
811	1402
643	-975
-458	-590
266	474
690	1742
1392	391
1171	158
-632	526
580	553
1541	-397
1431	1166
-93	1666
970	-1146
-70	1496
1426	273
-168	1115
1645	-332
1483	-1024
483	1661
-905	993
-610	883
-790	-353
922	1041
595	326
464	1628
-1050	655
1091	565
-768	-368
-264	-23
925	-733
1381	-964
331	-976
1779	374
1224	384
-304	-421
-72	1615
-198	-382
749	705
359	389
-968	-165
1134	278
-606	-297
596	-805
-206	-570
570	-542
1338	233
1308	735
-74	789
1228	1269
-19	-1064
-657	465
-576	-178
-233	649
1764	-243
-974	1752
1354	964
-664	1513
1469	552
730	-518
-251	-898
1272	-794
22	-73
487	-207
-646	-834
426	-981
408	550
-708	718
644	36
1384	-1015
-1146	-1007
-965	1248
50	1725
1634	409
-710	1779
-1148	-1038
-752	570
-1082	-1035
-560	-1080
-796	395
-393	-108
259	407
-573	1495
1794	878
518	252
469	-953
-913	-905
754	-718
1759	1181
-1181	-617
-981	1745
1537	-1132
-593	1530
1532	279
-767	1121
-187	1085
137	906
-279	-551
1397	1526
1509	420
-1173	1692
-137	1411
-634	492
637	975
-914	35
-276	-379
1142	-973
570	-269
-262	371
1466	591
-558	-1104
1340	965
192	594
1124	-847
732	-458
-285	-1030
-817	-11
1793	-470
1562	1404
-846	863
-486	904
-1104	-1026
666	775
-144	1158
-425	-1129
166	1624
-714	585
295	1063
-713	276
1237	388
804	486
-489	-640
1261	1167
1002	1123
1119	-123
-80	1070
-268	-534
1783	1244
283	1722
114	-1099
1596	-1199
-770	429
1036	1644
-361	-1075
1636	869
1152	1175
258	928
-807	1417
1235	486
1407	1769
1088	1193
67	1194
1073	-434
1710	385
-729	-1004
-752	-598
-702	974
785	-1130
780	1774
-483	-990
563	-491
208	808
514	1569
1145	-413
-472	-1208
-1164	442
358	1606
285	-708
1323	-398
-890	-671
1061	703
-316	843
1137	-943
1525	114
-418	-813
1732	-174
449	940
1500	414
1733	-1001
1717	-915
1393	-785
1486	1407
-899	874
-517	1146
1678	-206
26	1565
204	-450
355	-113
912	-492
908	1602
296	570
-1086	1155
-484	-961
1691	-493
1442	-208
-502	1539
648	-342
1790	234
1619	1778
-638	-226
482	-317
802	668
-339	1662
-101	-954
722	1315
-237	-353
1506	961
34	796
824	1510
1347	1098
-218	1777
1004	1725
-595	573
1716	409
1402	-422
1634	-837
-810	-497
252	1234
-1168	1019
503	517
-282	1693
645	1078
-1104	-401
-536	1511
1329	-29
1462	35
1401	1325
-731	-767
1533	371
1684	1697
873	447
1528	934
434	543
-638	-803
-570	510
1435	1201
418	-637
32	-1187
1782	-434
199	1627
720	-630
-11	916
-853	-1032
747	-331
1631	1082
126	-120
-1083	20
129	-351
1191	-60
-966	-441
1481	-972
1734	1291
-433	-137
1648	866
1289	698
944	1499
7	1411
-838	155
238	601
-1207	1781
208	547
1147	48
892	-985
344	-353
62	-99
1431	550
-667	1441
-987	-460
1612	94
427	-92
907	1760
-403	-1112
1000	-805
1586	1499
-1103	-930
397	-469
-387	710
-863	1107
171	1129
-55	1726
1671	-37
-687	1461
1406	-524
-1067	653
234	1032
299	197
85	-944
-328	30
1404	-1085
1222	1596
-186	-581
-770	-806
-860	-601
-559	-175
1706	1056
-409	280
623	-948
334	1176
-614	-179
1000	1320
552	1671
1511	337
1475	-576
-327	-354
1579	964
600	-918
762	-1176
140	-1115
5	-817
839	1254
1472	435
1634	-594
-278	-448
422	-204
803	1670
1050	-428
1521	677
1366	1698
756	791
-932	1051
707	-967
-379	234
-1094	1726
-495	-919
369	-477
-968	1162
-90	1210
102	880
-637	1320
-85	331
-773	1539
-781	-1156
-591	943
12	-712
165	-15
140	-666
1433	-1008
964	-993
-1147	1770
1761	1135
1448	3
-541	-920
784	-994
-600	-677
1545	989
610	1079
519	1005
-327	116
607	-729
1639	-152
-382	470
1164	463
1291	1226
1610	-1011
1598	632
-1166	379
1797	20
775	762
685	1609
1761	-115
-750	-1011
771	808
-390	1766
-752	1077
92	999
-1004	891
1786	1181
1275	-29
1222	-126
-876	578
-710	-958
1725	-957
107	1335
-616	1469
571	393
1677	-317
543	1741
-245	-596
465	1329
-610	-878
-378	807
1377	993
1665	960
-536	1241
-891	521
-829	-797
-886	24
-619	1751
1212	46
1525	962
155	1725
347	-313
-265	667
390	1120
-786	-468
85	-557
76	1062
-343	709
997	988
-115	-1171
1796	489
-34	-570
-1129	-191
-689	1717
-303	-1089
-1093	1247
-382	95
1238	855
1033	1437
299	1470
-212	1144
755	1273
-311	819
1173	1669
173	-420
1201	902
-407	329
-522	1470
711	1533
-374	-1127
-295	561
453	1564
1485	1715
-499	-50
-933	-863
300	1004
397	-332
1615	1475
-318	665
-906	1467
1770	-71
269	-629
666	525
1172	737
693	1421
-505	630
10	1157
-242	-680
718	376
-725	-341
1204	-142
1635	1069
493	1406
674	1053
1602	1048
-688	108
1471	1426
1401	1452
-1086	1208
1423	1032
1694	811
1528	737
-793	70
-67	-427
-153	891
-886	293
-436	-213
665	1463
1334	1010
-41	361
1435	1787
1305	375
1356	-1069
192	-543
-50	999
-790	779
1510	-234
-377	1204
-421	-756
-914	44
1296	-231
1539	1031
840	1037
414	-750
-906	-981
-830	810
587	384
-1015	1160
-889	-1050
723	645
-252	412
1029	734
217	1466
812	-531
376	66
854	131
700	330
363	-1205
621	-1175
1421	-969
612	-1172
663	-184
1070	-902
-103	238
652	-1102
-104	586
1333	-327
289	720
1774	183
-746	490
-980	-437
-601	1585
1115	-419
289	18
465	-353
1668	693
1533	906
-587	-431
557	-345
1343	546
1545	364
-963	448
1017	-737
470	-877
1124	1189
1240	1131
181	-328
-813	60
-157	-765
-730	632
1100	-340
-1192	-758
623	917
-365	-48
1021	-333
108	615
98	-418
598	300
-993	125
857	31
1291	-1061
661	1417
1309	11
301	-662
1476	-394
863	204
751	1620
-933	-333
-530	718
-553	1165
-856	379
-144	939
712	244
1255	-124
938	-124
-398	-837
-659	590
-953	858
429	1237
-128	188
474	1579
533	1244
-242	1716
235	-1080
393	344
-79	-670
1659	950
-732	-164
-1043	1459
-1160	-441
23	-7
-1097	1250
-833	1118
857	1684
1526	1034
-1201	-914
-204	768
-202	1071
969	777
238	392
1780	1596
-123	-147
627	-46
-624	-525
1780	359
1767	-636
941	-12
-947	1484
1015	950
463	1668
1075	410
474	-672
1542	1351
781	-624
-12	1300
780	221
1578	1122
1656	-598
425	809
1345	435
788	789
-430	62
1145	-723
169	-791
-293	753
-184	-516
-105	1019
1499	1285
-1134	985
183	309
-405	872
-164	558
-407	-925
-272	604
-879	-1108
-398	-915
-933	462
1350	-62
-850	-1160
-993	349
-537	-538
449	182
1454	-1159
1499	729
1762	876
952	926
240	1765
-236	420
1632	1224
-995	-872
-1046	1537
1338	472
-420	-273
1171	1457
-598	1489
-583	-1096
-701	-1142
1735	799
1128	659
1648	1682
448	882
-997	-1064
-843	416
571	1393
60	956
829	643
1170	-420
-60	1005
-709	348
918	1760
1594	1239
476	-781
1603	1315
635	629
1535	371
859	1336
908	1710
927	-1178
1357	361
-390	1248
1020	-992
1099	1135
1114	-658
-1080	428
-868	1424
-1174	1140
1623	572
1013	-37
772	507
1145	1074
-1117	1097
210	-939
-715	895
-1181	-1207
875	-171
-391	-651
1069	895
39	832
533	-906
-428	1570
208	1166
961	-227
118	-387
1107	-108
835	-219
1552	748
-1069	-479
1167	568
-1143	722
120	-397
-278	-647
-1118	-810
-806	611
-117	813
1132	527
-331	33
-416	1758
1001	28
469	1626
755	852
-1082	597
-365	541
1628	948
453	1633
-323	434
958	1418
-275	-134
-235	-14
-797	243
-1131	285
-341	864
-472	362
-1014	-449
-176	1470
1361	50
-283	-409
1593	716
1755	171
717	1659
-1025	1744
-211	-833
-18	842
-999	524
955	-829
398	1290
618	1301
1062	-941
-417	893
227	1276
705	430
1250	69
191	1641
92	-202
-874	-541
1629	898
1291	-902
382	1361
-36	817
-1044	-134
1510	-39
1618	990
-353	1144
-686	983
-682	285
-1194	815
-16	-649
942	-1090
1350	1491
1392	-1045
1327	-148
-851	-1059
1476	-1194
787	-722
789	1387
-26	553
-742	539
-283	611
-365	283
-1095	503
1512	1584
-454	-275
1423	713
-85	1493
-1015	-133
190	1066
706	-147
-770	-303
-1152	-1114
1421	796
-751	-616
-7	-469
1495	-43
1716	517
-36	199
936	-956
751	-769
-1155	-348
134	1480
29	1665
126	429
1798	1788
-388	1642
866	-678
-1151	1270
-511	1305
474	1651
-334	1015
-562	547
-461	675
-1116	36
1122	580
1756	1173
113	1507
131	913
-1	1628
1712	566
-721	472
-107	496
1279	-586
973	1379
840	1274
1250	-927
-302	1534
1104	-414
-814	-765
1103	1358
-209	-876
-898	-1175
-600	-1125
-501	-1019
-356	590
987	-201
1684	896
-577	1211
1343	1484
-1193	1432
1101	-1146
746	333
1200	56
473	950
684	817
-1195	704
-1027	1749
317	1006
-661	896
-1001	1361
-357	856
448	-1174
313	-278
414	832
69	1518
-431	1789
122	-254
591	-412
901	-485
1194	-39
214	1722
-567	-18
71	1110
-998	-1105
-1124	1125
-480	-932
1575	-562
525	843
846	1244
-92	1289
1560	-667
-27	821
-924	1262
1519	-248
1796	834
1004	144
-106	-456
1273	-229
1130	1221
806	1353
-1102	-354
-257	-7
-756	-520
562	58
12	318
534	778
-1076	1785
-19	1686
-591	1469
1787	315
235	1393
-430	525
-433	1277
1793	-1173
-419	446
361	-255
512	-945
1419	512
634	431
-970	951
-198	1150
355	-307
1612	1302
-66	56
1620	-1076
821	1028
105	46
-452	-704
408	-498
-947	-1014
-44	397
338	1446
828	1458
-951	312
-468	-286
645	-651
1028	-993
-635	-474
1373	1462
-1149	1033
-194	-1158
-659	1483
72	1536
1739	768
-98	1649
849	-1087
-24	809
805	1311
926	1781
-859	167
-1050	1106
-706	-608
-651	1690
-625	1063
1679	955
-583	159
-821	546
-1081	-676
-1001	1428
-548	953
1009	-1080
1638	-1021
-958	1732
857	1605
761	-237
-1130	-894
892	1613
736	-562
1367	-1023
-643	262
-500	1367
297	737
-400	-420
-78	1452
-599	1645
-604	-330
76	1257
1272	-170
27	1544
-1209	649
1211	-359
42	775
-581	1557
655	82
1228	-589
-596	427
-465	-1046
-1002	-418
1174	668
-934	1684
-615	1037
-372	861
906	754
172	-1157
1515	833
-346	-1060
1455	528
1003	-735
1695	1739
-435	984
-386	1372
599	898
683	1445
-389	1774
596	647
-406	1005
722	1252
1715	-770
1299	904
-237	1063
1708	-874
-1101	770
-931	-792
-886	-811
211	1500
-611	-693
-452	282
-181	-677
-785	-736
-828	-461
1062	656
254	-165
1145	1562
-221	-1139
-901	1372
-399	1734
-673	-948
-262	1014
1624	1444
1093	566
319	1557
-980	1529
-722	545
-1152	305
113	-787
1492	-123
1768	399
-174	-516
338	1090
-255	-368
-105	1284
-912	1743
-623	1594
300	-938
508	1475
852	1121
-73	888
200	580
1274	-488
792	19
285	-927
635	-191
1381	949
-951	1016
7	-1013
609	731
1594	-235
-517	-644
-790	1697
-511	498
-934	493
1522	298
1782	-396
1329	1621
441	1600
639	1272
337	1400
1119	554
1057	625
1119	1075
-585	-1197
1631	-778
-118	-676
668	699
1709	1104
578	92
443	-769
481	-754
-201	884
-1054	-530
297	-1123
884	688
885	440
-159	1098
-458	1682
969	1668
925	-1068
681	956
695	985
-186	986
-1080	1765
1733	-797
-759	-816
1169	1788
1084	425
-624	1768
-824	1528
1717	-582
738	-1111
-1084	-348
1741	-1068
1209	40
1247	939
-485	86
-792	-495
869	473
418	1630
1031	1730
764	475
-898	829
-22	-410
666	1086
1371	1747
1616	-514
1325	-18
452	-550
1210	1659
454	49
543	47
1271	-31
-95	-112
1272	-490
450	-119
1316	-318
1049	770
487	-962
-795	-171
362	1003
-595	1792
-1094	1544
1748	-730
1469	698
1774	204
868	698
-178	1409
1721	-191
408	-715
-1169	-622
1776	323
784	-1175
1396	-523
-686	1240
1683	87
452	285
1002	-32
954	-1057
-1137	1115
108	-766
1159	-478
